-0.0056305  -0.0031839   0.0021653           1  3.3965e-05 -0.00031419 -0.00013906           0           0           1
0.18918      4.0711   -0.016498     0.99957  -0.0099331 -0.00092939   -0.027646           0           0           5
0.10894      9.8514    -0.28559     0.99827   -0.031834   0.0018852    0.049411           0           0           8
-0.426507      14.3286      -0.5689     0.996169   -0.0411157   0.00229235    0.0771488            0            0           10
-0.749049      19.6917     -1.15099      0.99093   -0.0557598   0.00729599     0.122049            0            0           13
-4.73914      22.8257     -1.34017     0.737261   -0.0474998    0.0400124     0.672747            0            0           16
-10.1516      21.3418     -1.15817     0.532212   -0.0424092    0.0573821     0.843599            0            0           19
-16.1022      19.1361     -1.24813      0.61233   -0.0486792    0.0468638      0.78771            0            0           22
-20.2884      18.3939     -1.10745      0.64548   -0.0501335    0.0402089     0.761069            0            0           24
-24.8275       17.605     -1.07623     0.614822   -0.0478298     0.039006     0.786247            0            0           26
-29.6673      15.6663      -1.2396     0.529887   -0.0481655    0.0372841     0.845878            0            0           29
-33.5515      13.8006     -1.40704     0.521175   -0.0492291     0.035535     0.851287            0            0           31
-38.1985      11.5309     -1.38719     0.508773   -0.0519816    0.0293157      0.85883            0            0           33
-43.6488      8.87933     -1.66033     0.561166   -0.0598468    0.0157544     0.825387            0            0           36
-47.5002        7.734     -1.83462     0.604446   -0.0590017   0.00627932     0.794433            0            0           38
-53.1422      5.33038      -2.1219     0.512256   -0.0609215    0.0146013     0.856545            0            0           41
-56.7836      3.57869     -2.57481     0.537683   -0.0661974    0.0130551     0.840443            0            0           43
-60.787     0.702152     -2.74678     0.366655   -0.0611851    0.0248451      0.92801            0            0           45
-62.2693      -4.2683     -2.49177    0.0631036    0.0490688   -0.0367313    -0.996123            0            0           47
-59.7816      -8.7731     -1.96012     0.386513    0.0387698   -0.0495469    -0.920136            0            0           49
-55.0009     -10.6923     -1.22261     0.758569   0.00901533   -0.0619051    -0.648583            0            0           51
-50.0205      -8.0545    -0.904118     0.924733   -0.0162166   -0.0515318    -0.376764            0            0           54
-48.1791     -3.79646     -1.06257     0.995129   -0.0389597   -0.0395028   -0.0814804            0            0           56
-47.7871     0.716684      -1.4338     0.996845   -0.0570221   -0.0296511    0.0465692            0            0           58
