-0.011899  -0.0026888   0.0073672           1 -0.00012953  0.00039295 -0.00052735           0           0           1
4.9248    -0.58438    -0.17639     0.99783  -0.0012025  0.00025612   -0.065773           0           0           2
12.2617    -0.807539    -0.401625     0.999813  -0.00582509  -0.00409871   -0.0179708            0            0            3
17.8911     -1.32238    -0.554314     0.999698  -0.00662793  -0.00179874   -0.0236088            0            0            4
25.0398     -1.80478    -0.911078     0.998163  -0.00860428    0.0143177   -0.0582412            0            0            5
33.6992     -3.44878     -1.49481     0.996271  0.000705186    0.0182811   -0.0843126            0            0            6
42.8238     -4.01211     -2.10588      0.99975    0.0124455    0.0181096   0.00419809            0            0            7
50.6582     -4.21656     -2.65163     0.999792    0.0109351    0.0161633   0.00589728            0            0            8
60.2937     -4.78256      -3.2612     0.999565   0.00762134    0.0145239   -0.0245135            0            0            9
67.9115     -5.59213     -3.68194     0.999689  0.000852012    0.0132097   -0.0211566            0            0           10
77.438     -6.32352     -4.55901     0.998744    0.0166745    0.0431449   -0.0192533            0            0           11
85.2638     -6.89637     -5.41952     0.998689    0.0182644    0.0408034    0.0249272            0            0           12
91.7976     -7.11366     -6.13375     0.998905    0.0184276    0.0414823   -0.0113317            0            0           13
99.4163     -7.46144     -7.05517     0.998757     0.024234    0.0431063  -0.00632028            0            0           14
107.726      -8.16314      -8.03902     0.9981191    0.02246941    0.04232318   -0.03823895             0             0            15
116.994      -7.48558      -9.05764     0.9922113    0.03241239    0.03990011     0.1134644             0             0            16
124.453      -6.94047      -9.87303     0.9988734    0.02252398    0.03466926    0.02329587             0             0            17
132.349      -7.91876      -10.7164     0.9966585    0.01672847    0.03182491   -0.07334233             0             0            18
139.364      -6.65064      -11.3477     0.9705417    0.03328062    0.03539613     0.2359837             0             0            19
143.918     -0.522266      -11.9472     0.7279765    0.02229255     0.0484906     0.6835217             0             0            20
144.508       9.87639      -12.6307     0.7155502    0.02089867     0.0481679     0.6965853             0             0            21
145.009       17.3009      -13.1797     0.7051738     0.0226355    0.04113854      0.707478             0             0            22
145.202       24.7712       -13.617     0.6788724    0.02137941    0.04418519     0.7326137             0             0            23
145.13       32.2076      -14.0153     0.6836684    0.01452535    0.03713205     0.7287028             0             0            24
145.153       39.6578      -14.4558     0.7041297    0.01594446    0.03152551      0.709192             0             0            25
145.494       47.0924      -14.8761     0.7076678   0.006836622    0.02623925     0.7060248             0             0            26
146.099       54.7487      -15.3423     0.7518835   0.005500414    0.02186812     0.6589103             0             0            27
147.141       61.8248      -15.5174     0.6876972    0.04217873   0.001746699     0.7247692             0             0            28
147.292       70.5502      -15.4336     0.6844027    0.03633825   0.005011186     0.7281809             0             0            29
147.649       78.6745      -15.3419     0.7045374    0.03710311   0.007628914     0.7086552             0             0            30
148.087       87.2187      -15.2747      0.713908    0.03420252  -0.001204885     0.6994026             0             0            31
148.149        94.589      -15.1818     0.6684299    0.04986768    0.01992589     0.7418339             0             0            32
147.947       102.823      -15.1253     0.6929727    0.04547941    0.02193756     0.7191934             0             0            33
150.984       109.911      -15.4189     0.9587888    0.02052943    0.02274307     0.2824631             0             0            34
158.513       111.366      -15.9615     0.9951949    0.01139519    0.01894067    0.09538573             0             0            35
165.202       116.297      -16.3465     0.7815115    0.03507167   0.007251566     0.6228621             0             0            36
165.427       123.789      -16.2554     0.6985154    0.03492085   0.003389233     0.7147344             0             0            37
165.198       132.032      -16.1064     0.6943002    0.03625558   0.004707138     0.7187563             0             0            38
164.267       139.869      -15.9363     0.5474232    0.03920391  -0.001322487     0.8359361             0             0            39
159.358       145.497      -15.5951     0.2081604    0.04092498   0.002901125     0.9772338             0             0            40
150.546       147.285      -15.2619     0.0378852    0.04424146   0.004934139     0.9982901             0             0            41
140.674       148.133      -14.6502    0.01482106   -0.05317922   0.002201683    -0.9984726             0             0            42
133.329       147.452      -14.1814    0.04671667   -0.04985015  -0.004477561    -0.9976535             0             0            43
124.521       147.874      -13.5855    0.04067575    0.04918549 -0.0003556611      0.997961             0             0            44
116.745       148.454      -13.1628    0.05135868   -0.04498821   0.001799423    -0.9976648             0             0            45
108.448         146.9      -12.7041     0.1420776   -0.03938325  -0.001872288      -0.98907             0             0            46
99.2941       145.585       -12.242    0.07781466   -0.03918758   -0.01044573    -0.9961426             0             0            47
90.4818        143.99      -11.8648     0.1810254   -0.03193195  -0.008729074    -0.9829211             0             0            48
83.1139       138.691      -11.6726     0.4431056   -0.02620787  -0.001888694    -0.8960843             0             0            49
75.1107       133.434      -11.3248     0.0483348   -0.04411857   -0.01204376    -0.9977837             0             0            50
65.6279       133.507      -10.9073     0.0392088   -0.03623551   -0.01503289    -0.9984607             0             0            51
55.3351       133.092      -10.4829    0.03053689   -0.03145582   -0.01727206    -0.9988892             0             1            52
45.6434       133.119      -10.0267    0.02649644   -0.02563965    -0.0162444     -0.999188             0             1            53
36.7227       133.476      -9.62373    0.03816457    0.04013448    0.01886363      0.998287             0             0            54
28.8053       133.833      -9.31127    0.00469705   -0.03819252   -0.02049198    -0.9990492             0             0            55
20.6903       134.321      -8.94723   0.002813433    0.03687162    0.01847827     0.9991452             0             0            56
13.095       134.381      -8.63381    0.01249339   -0.03740648   -0.01718458    -0.9990743             0             0            57
5.39603         134.9      -8.30593    0.02529423    0.03761809    0.01937638     0.9987841             0             0            58
-1.94633       135.102      -8.02723    0.05183559   -0.03204635   -0.02010353    -0.9979389             0             0            59
-9.64786       135.333      -7.73311    0.01581933    0.03550056    0.02556888     0.9989173             0             0            60
-17.3127        135.72      -7.54989   0.006930715     0.0285237    0.02700979     0.9992041             0             0            61
-24.6426       135.746       -7.3159    0.01052832   -0.03500384   -0.02697478    -0.9989676             0             0            62
-30.6958       135.801      -7.15438    0.02075798   -0.03319784   -0.02631067    -0.9988868             0             0            63
-39.2789       136.351      -6.97091    0.01366233    -0.0311745   -0.02879402    -0.9990057             0             0            65
-48.7612       136.457      -6.70876   0.009244919   -0.03060198   -0.03325468    -0.9989355             0             0            66
-56.1767       136.664      -6.56305    0.02596347   -0.03252177   -0.04735436    -0.9980109             0             0            67
-64.4754       136.857      -6.25018   0.007429167    0.03442613    0.02959466     0.9989413             0             0            68
-70.6677        136.89      -6.05295  0.0001147862    0.03393596    0.03790951     0.9987048             0             0            69
-77.1835       136.556      -5.79241    0.02863377   -0.03165221    -0.0459554    -0.9980312             0             0            70
-84.5537       136.981      -5.68232   0.001850016   -0.02440223   -0.05703973    -0.9980719             0             0            71
-91.7168       137.429      -5.54356    0.02764035   -0.01992684   -0.05339698    -0.9979918             0             0            72
-98.2823       136.937      -5.42957    0.07951377   -0.01897561    -0.0410289    -0.9958083             0             0            73
-105.936        136.57      -5.33465    0.05637559   -0.01684988   -0.03567436    -0.9976298             0             1            74
-111.918        139.55      -5.45545     0.5690295 -0.0009074813    0.04135311     0.8212761             0             1            75
-113.5       146.848      -6.03432     0.6070556    0.01438212    0.03789572     0.7936249             0             0            76
-114.771       154.131      -6.43791     0.6380067    0.02119872    0.03763035     0.7688186             0             0            77
-115.258        161.69      -6.91156     0.6691627    0.01774939     0.0391657     0.7418708             0             0            78
-115.626       168.934      -7.26174     0.7205452    0.02392572    0.03219449     0.6922469             0             0            79
-115.371       176.358      -7.66624     0.6896307     0.0303078    0.04080913     0.7223749             0             0            80
-115.296       183.757      -8.01653     0.6865088    0.03250805    0.03838945     0.7253793             0             0            81
-115.725       191.218      -8.33725     0.6581592    0.03305386    0.03970543     0.7511041             0             0            82
-115.883       198.527      -8.69059     0.6925964    0.03289746    0.03923579     0.7195057             0             0            83
-115.631       205.924      -9.10928     0.7150081    0.02652577     0.0496137     0.6968488             0             0            84
-115.243       213.321      -9.52217     0.6980782    0.02806228    0.03559769     0.7145853             0             0            85
-114.925       220.849      -9.87016     0.6855987    0.01628904    0.03660907     0.7268761             0             0            86
-115.06       228.203      -10.2807     0.6681405    0.02967922    0.03696086     0.7425236             0             0            87
-115.125       235.562      -10.6206     0.6625971     0.0277953     0.0416235     0.7473018             0             0            88
-116.145       242.659      -10.8624     0.6179469    0.02760695     0.0360175     0.7849091             0             0            89
-117.465       250.236      -11.4496     0.6352498   -0.00629419    0.05819942      0.770085             0             0            90
-121.184       257.336      -12.1712     0.3926551    0.04983398   0.007760911     0.9183019             0             0            91
-126.648       260.769       -11.983     0.1280991    0.04400856    0.03622463      0.990122             0             0            92
-135.108       260.521      -11.4963    0.08446131   -0.04864511    -0.0289894    -0.9948163             0             0            93
-144.947       260.518        -10.93    0.01829101    0.04709029    0.03999945     0.9979218             0             0            94
-151.935       260.716      -10.4898    0.02068396   -0.04491009   -0.03195204    -0.9982657             0             0            95
-159.516        260.86      -10.0165   0.009536884    -0.0493405   -0.03090089    -0.9982583             0             0            96
-166.887       260.956      -9.53014    0.01081777     0.0498988    0.02661295      0.998341             0             0            97
-174.321       261.706      -9.06143     0.0383502    0.04906678    0.03361797     0.9974926             0             1            98
-181.691       262.512      -8.58323    0.03599182    0.05160641    0.03456904     0.9974198             0             0            99
-190.404       263.188      -8.01328    0.01693872     0.0489203    0.03477416     0.9980534             0             0           100
-198.457       263.675      -7.48763    0.01477553   -0.04834711   -0.02804247    -0.9983275             0             0           101
-207.115       263.836      -6.95954    0.04469722   -0.05093943    -0.0253376    -0.9973792             0             0           102
-217.11       263.275      -6.29539    0.07595072   -0.04606674   -0.02522326    -0.9957274             0             0           103
-225.404       263.206      -5.68933     0.0442003   -0.04791048   -0.02823333    -0.9974737             0             0           104
-234.487       262.976      -5.24995    0.02114425   -0.03184338  -0.004140741    -0.9992606             0             1           105
-242.052       263.051      -4.84151    0.02295933   -0.03616291   -0.01454407    -0.9989763             0             0           106
-250.474       263.257      -4.43572   0.009425691    0.04407865   0.009115816      0.998942             0             0           107
-257.821       263.678      -4.02735     0.0225431    0.03838827    0.01080484     0.9989502             0             0           108
-262.401       264.142      -3.86123   0.002090783   -0.03710828   -0.01972439    -0.9991144             0             0           109
-273.436       263.798      -3.27039   0.005507514     0.0386087    0.00736628     0.9992121             0             0           111
-280.017       263.301      -3.04623     0.1344887   -0.03735888   -0.01715129    -0.9900621             0             0           112
-287.179       263.863      -2.72187    0.01711941    0.04017593    0.01512626     0.9989314             0             0           113
-294.612       264.547      -2.41516      0.152707    0.02651102    0.01876963     0.9877375             0             0           114
-298.039       270.329      -2.46281      0.721584    0.02037423    0.01804469     0.6917917             0             0           115
-297.572       274.379      -2.60049     0.7342218     0.0143863    0.02081481      0.678438             0             0           116
-297.127       280.398      -2.83134     0.7157243   0.007212474    0.02865859     0.6977574             0             0           117
-296.807       287.979      -3.25347     0.7296028    0.01414627    0.02706697     0.6831888             0             0           118
-296.423       295.298       -3.5753      0.708121    0.01637606    0.02065949     0.7055988             0             0           119
-296.413       302.759      -3.86605      0.691631   0.007380051     0.0244572     0.7217991             0             0           120
-296.392       310.241      -4.19736     0.6892446    0.01474336    0.02600729     0.7239117             0             0           121
-296.382       317.739      -4.50161     0.7086152    0.01720858    0.02652261     0.7048865             0             0           122
-295.99       325.022      -4.83067      0.688235    0.01456303    0.02741051     0.7248236             0             0           123
-297.43       332.127      -5.06444      0.473701    0.02169909    0.02135167     0.8801594             0             0           124
-303.512       335.764      -4.97121    0.03250591     0.0333301    0.01543365     0.9987964             0             0           125
-310.96       336.178      -4.71912    0.02251069    0.03172956    0.01534273     0.9991252             0             0           126
-318.284       336.675      -4.50167    0.02418761    0.03175253     0.0166149     0.9990649             0             0           127
-325.558       337.712      -4.27376     0.2129734    0.03409991    0.02012852     0.9762553             0             0           128
-329.071       343.529      -4.28405     0.6717411    0.02156624    0.01311255     0.7403559             0             0           129
-329.411       350.875      -4.72233     0.6652557   0.004879636    0.03693885     0.7456853             0             0           130
-330.72       358.318      -5.22612     0.4924522    0.01610652    0.03229692     0.8695909             0             0           131
-337.084       361.753       -5.2187    0.02373571    0.02997575    0.01188323     0.9991981             0             0           132
-346.068        360.91      -4.95868    0.06827826   -0.02456739   -0.02590022    -0.9970274             0             0           133
-353.704       360.807      -4.92319    0.06522862  -0.006157896   -0.02371042    -0.9975696             0             0           134
-363.153       359.247      -4.91399     0.1279637   -0.03727383   -0.01374338    -0.9909829             0             0           135
-372.505       355.882      -4.36882     0.1971764   -0.03664336   -0.01096279    -0.9796216             0             0           136
-379.832       353.425      -4.02682      0.167183   -0.03929843   -0.01462727    -0.9850338             0             0           137
-387.808       351.671      -3.66977      0.137032   -0.03765852   -0.01524359    -0.9897331             0             0           138
-393.571       350.729      -3.42084    0.09697103   -0.03805521   -0.02947084    -0.9941227             0             0           139
-401.21       350.106      -3.06825    0.01280388   -0.03674274   -0.02136156    -0.9990144             0             0           140
-408.832       350.333        -2.757   0.008084203   -0.03724407     -0.021372    -0.9990449             0             0           141
-417.517       350.238      -2.40474    0.01861096   -0.03350914   -0.01982944    -0.9990683             0             0           142
-425.021       350.184       -2.1252    0.03059667   -0.03789964   -0.02289505    -0.9985506             0             0           143
-433.789        350.24      -1.74983   0.002297834    0.03536067    0.02049749     0.9991617             0             0           144
-443.195       350.698      -1.31642   0.004391478   -0.04161855   -0.02423619    -0.9988299             0             0           145
-451.53       350.886     -0.992195    0.01248953   -0.03547619   -0.01663446     -0.999154             0             0           146
-458.865       351.342     -0.735377    0.04482195    0.03800823    0.02335497     0.9979985             0             0           147
-466.447       351.877     -0.428721    0.01751026     0.0386933    0.01979448     0.9989016             0             0           148
-473.713       352.864     -0.189202    0.05504502    0.03586187    0.02154457      0.997607             0             0           149
-481.091       353.928     0.0224223     0.0514013    0.03291236     0.0324732     0.9976072             0             0           150
-488.483       354.743      0.153578     0.0052022    0.02413243    0.04199878     0.9988126             0             0           151
-493.486       355.693      0.213028     0.3295815    0.01192544    0.03359096      0.943454             0             1           153
-497.851       361.664     -0.209935     0.5182732  -0.002436221    0.04853796     0.8538331             0             1           154
-504.21       365.446     -0.280248    0.01286991    0.02938293    0.02175852     0.9992485             0             0           155
-511.599       365.528    -0.0128346   0.006281729    0.03670232   0.009235054     0.9992638             0             0           156
-518.98       365.344      0.396276    0.03674775   -0.04147871   -0.01631701      -0.99833             0             0           157
-526.362        365.31      0.812889    0.00940294   -0.04199453   -0.01736785    -0.9989226             0             0           158
-533.813       365.308        1.2875    0.03956591   -0.04869241    -0.0125063    -0.9979515             0             0           159
-542.942       364.375       1.88017     0.1559762    -0.0615545   -0.03220705    -0.9853148             0             0           160
-549.133       361.523       2.32554     0.2784966   -0.04636288   -0.01442638    -0.9592091             0             0           161
-552.807       358.182       2.64217     0.3097513    -0.0419979   -0.02258491    -0.9496211             0             0           162
-559.346       354.401        3.1722     0.2522407   -0.04507917  -0.008627279    -0.9665754             0             0           163
-565.565       350.768       3.66046     0.3351337   -0.05196605   -0.01306622    -0.9406456             0             0           164
-572.868        346.89       4.24645     0.1999944   -0.04694725   -0.01405696    -0.9785707             0             0           165
-579.658       344.339       4.77864     0.1496975     -0.048393   -0.01318622    -0.9874588             0             0           166
-587.653       342.184       5.31776      0.110439   -0.04453897   -0.02992437    -0.9924334             0             0           167
-597.807       340.631       5.95148    0.07854463   -0.04359623   -0.04460192    -0.9949577             0             0           168
-603.425       340.601       6.31624   0.008115111   -0.04928161   -0.03410984    -0.9981693             0             0           169
-611.058       340.912       6.70595    0.04539681   -0.04519562   -0.03690576    -0.9972635             0             0           170
-618.282       340.099        7.1293    0.02531403   -0.03526767   -0.03281118    -0.9985183             0             0           171
-625.8       340.551       7.49722    0.02201896    0.04357285    0.03677245     0.9981304             0             0           172
-633.237       341.091       7.83896    0.01479472    0.04102145    0.03927647     0.9982764             0             0           173
-640.608       341.317       8.20483   0.003456398    0.03720761    0.02586968     0.9989667             0             0           174
-647.695       341.546       8.54714    0.04484786   -0.03581345   -0.03300503     -0.997806             0             0           175
-654.004       341.873       8.83444    0.03523694    0.04363011    0.04235996     0.9975271             0             0           176
-499.26       348.068      0.909833     0.7216833   -0.04178491   -0.01937505    -0.6906894             0             1           198
-499.602       339.356       1.39922     0.7218588   -0.03928179   -0.01974388    -0.6906424             0             0           199
-499.419       330.273       1.81906      0.665147   -0.03736226   -0.02005918    -0.7455073             0             0           200
-499.877       323.117       2.17454     0.7014146   -0.04066594   -0.02311902    -0.7112168             0             0           201
-499.859        315.59       2.50309     0.7092875   -0.04322995   -0.01781072    -0.7033671             0             0           202
-500.001       308.421       2.85506     0.7163659   -0.02965866   -0.01867111    -0.6968441             0             0           203
-500.259       300.849       3.18624     0.7081188   -0.03384183   -0.01888937    -0.7050288             0             0           204
-500.152       293.525       3.49677     0.7252811   -0.03135321   -0.02255307    -0.6873686             0             0           205
-499.819       285.955       3.75892     0.7718438    -0.0360392   -0.01896688    -0.6345066             0             0           206
-500.09       278.953       4.12992     0.7266581    -0.0330998   -0.01825888    -0.6859585             0             0           207
-500.158       271.488       4.61599     0.7416059    -0.0419434   -0.03949494    -0.6683574             0             0           208
-499.987       264.436       5.11454      0.724597   -0.02411024   -0.02445071    -0.6883168             0             0           209
-500.823        255.76        5.5637     0.5901949    -0.0200998   -0.02562333    -0.8066036             0             0           210
-507.324       247.651       6.07875     0.4563722   -0.02835651   -0.03832156     -0.888511             0             0           211
-514.239       239.742       6.65566     0.3944153   -0.03180171   -0.03671968    -0.9176475             0             0           212
-520.941       232.762       7.19244     0.4602285   -0.03437873   -0.03140807    -0.8865785             0             0           213
-527.397       225.102       7.73966     0.4328266   -0.03181574   -0.03418009     -0.900267             0             0           214
-534.292       215.723       8.40508     0.5280504    -0.0255022   -0.02383676    -0.8484953             0             0           215
-536.86       204.842        8.9026     0.7726649   -0.03591877  -0.009607088    -0.6337242             0             0           216
-535.208       196.139       9.09135     0.8008454   -0.03708684  -0.004606942     -0.597704             0             0           217
-533.447       188.662       9.29303     0.8072676   -0.03326881   -0.00848988     -0.589186             0             0           218
-531.344       180.657       9.47552     0.8244562   -0.02524039   -0.01680908    -0.5651126             0             0           219
-528.917       172.445       9.61486      0.803225   -0.02304784   -0.01542453    -0.5950298             0             0           220
-526.843       165.024       9.75368     0.8182468   -0.02463755  -0.008501248     -0.574276             0             0           221
-524.715       156.346       9.94059     0.8069165   -0.02061556   -0.01428909    -0.5901327             0             0           222
-521.057       147.443       10.1288     0.8868379   -0.03346436   -0.01768845    -0.4605277             0             0           223
-505.63       140.596       10.2792     0.9977665   -0.00310281  -0.009757475    0.06600926             0             0           224
-490.643       140.417       10.2576     0.9997707   -0.01091441   -0.01441529   -0.01146997             0             0           225
-480.354       139.982       10.2966      0.999639   -0.01822629   -0.01639233    0.01100006             0             0           226
-469.929        139.86       10.3248     0.9995703   -0.02530777   -0.01256526   -0.00780459             0             0           227
-456.876       139.482       10.1877      0.999056   -0.01686643   -0.01369173    0.03761817             0             0           228
-442.694       140.017       10.0208     0.9999013   -0.01269146  -0.004934703    0.00346039             0             0           229
-429.261       139.434       9.71338     0.9997445  -0.003398796  -0.001237052    0.02231358             0             0           230
-415.9       139.114       9.32208     0.9999378     0.0100072   0.001645894  -0.004641528             0             0           231
-408.603       139.065       9.11758     0.9998548  -0.007764505 -0.0004770936    0.01516001             0             0           232
-399.816       139.169       8.79308     0.9998137   -0.01522872  2.707406e-05    0.01186005             0             0           233
-392.566       139.263       8.52357     0.9994691   -0.01521689   0.004980856    0.02837384             0             0           234
-384.813       139.177       8.20878     0.9987518  -0.003973104   0.003058613     0.0496966             0             0           235
-377.027       140.095       7.93028     0.9968141    0.00687689  0.0002021155    0.07946323             0             0           236
-367.554       140.304       7.51683     0.9998914     -0.010507   0.003567214   0.009694141             0             0           237
-358.837       139.942       7.22115     0.9998631   -0.01462278   0.005695134  -0.005240822             0             0           238
-350.954       139.733       6.95728     0.9996003   -0.01332774   0.007262682    0.02384881             0             0           239
-343.341        139.44       6.58735     0.9999131   -0.01135172   0.006069508   0.002846178             0             0           240
-333.196       139.621       6.17822     0.9996152   -0.01735486   0.007571519    0.02026997             0             0           241
-322.825       139.022       5.73022     0.9998246   -0.01581731   0.009085654  -0.004253433             0             0           242
-313.416       138.955       5.23116     0.9990676   -0.01021493   0.008235139    0.04113232             0             0           243
-303.485       139.093       4.71469     0.9993701   -0.01717499    0.01463061    0.02739426             0             0           244
-293.676       138.494       4.18259     0.9998729   -0.00884933    0.01164834  -0.006332038             0             0           245
-286.617       138.978       3.78685     0.9995623    -0.0178181    0.01248595    0.02004357             0             0           246
-278.515       138.668       3.30629     0.9997374    -0.0160471    0.01311888    -0.0097713             0             0           247
-271.109       138.506       2.93055     0.9994522   -0.01524054    0.01737311    0.02368948             0             0           248
-262.853       138.541       2.45242     0.9995806   -0.01459428    0.01004657   -0.02290442             0             0           249
-254.953       138.212       1.98427      0.999587    -0.0132878    0.01387692    0.02137225             0             0           250
-246.278       138.339       1.50996     0.9993999   -0.01928281    0.01261836    0.02586079             0             0           251
-237.643       138.256        1.0416     0.9996781   -0.02377639   0.008775557  -0.001201013             0             1           252
-228.426       133.979      0.838147       0.91051   -0.03195369   -0.00796593    -0.4121736             0             0           253
-218.559       134.025      0.204212     0.9991081   -0.02499914    0.01589352    0.03008911             0             0           254
-208.265       133.651     -0.407066     0.9991284   -0.03471949   0.009169272   -0.02128046             0             0           255
-197.397       132.934     -0.981846     0.9992933   -0.03536319   0.009145772  -0.008872954             0             0           256
-186.901       132.874      -1.49554      0.998236    -0.0260538    0.01099564    0.05220366             0             0           257
-174.232       133.931      -2.30934     0.9941815   -0.02476144    0.03372779    0.09925992             0             1           258
-163.697       135.006      -2.94496     0.9997176    -0.0158995   0.009192853    0.01508347             0             0           259
-152.893       134.949      -3.47271     0.9997954   -0.01435825    0.01099749   0.009054985             0             0           260
-144.179       134.658      -3.89682     0.9998221   -0.01638618   0.009330696  0.0005036274             0             0           261
-134.692       134.462      -4.35541     0.9998755   -0.01348459     0.0079703   0.001929643             0             0           262
-125.705       133.915      -4.70461      0.999774   -0.01617475    0.01153449  -0.007570621             0             0           263
-115.405       133.594      -5.02758     0.9998178   -0.01441679   0.001375102    0.01243372             0             1           264
46.9932       126.374      -10.0589      0.837597   -0.01473037  -0.002655543    -0.5460836             0             1           279
50.3733       117.228      -10.0084     0.8188512   -0.01876673   -0.01282123    -0.5735557             0             0           280
52.8332       104.906      -9.51936     0.7059652   -0.03669699    -0.0405637    -0.7061311             0             0           281
52.5442       96.4338       -8.8225     0.6962715   -0.04269692   -0.04032727    -0.7153717             0             0           282
52.1831       86.5379      -7.98678      0.700722   -0.04477256   -0.04265894    -0.7107491             0             0           283
52.2918       79.1925      -7.38301     0.7173707   -0.04529642   -0.03570902    -0.6942999             0             0           284
51.9708       71.5535      -6.78444     0.7211214   -0.03476053   -0.02805629    -0.6913671             0             0           285
51.5815       62.1661      -6.32471     0.6950969   -0.04315349   -0.02347631    -0.7172356             0             0           286
51.3428       47.7289      -5.67608     0.7016496   -0.03590905   -0.03452609    -0.7107787             0             0           287
50.9875       35.9101       -4.8166     0.7148606   -0.05056094    -0.0280357     -0.696873             0             0           288
50.8609       25.1194      -3.96427     0.7235702   -0.03566564   -0.01825512     -0.689087             0             0           289
50.4573       12.3466      -3.17497     0.7040975   -0.04867455   -0.01746786    -0.7082177             0             0           290
50.3414        1.7189      -2.69507     0.6968406   -0.04245293   0.001725607    -0.7159665             0             0           291
