
0.0076334   -0.021993  -0.0054469           1 -0.00025677 -0.00025788   0.0013755           0           0           1
15.2585     -1.34503    -0.348767      0.99983   0.00206744  -0.00326272   -0.0180418            0            0            3
24.051     -0.83756    -0.586032     0.999801  -0.00357983    0.0179269    0.0079367            0            0            4
34.5643    0.0835101     -1.23199     0.998804   0.00722514    0.0196249     0.044201            0            0            5
46.1363      1.32953     -1.87736     0.999736    0.0089993    0.0207619  -0.00400869            0            0            6
62.2813      2.38407     -2.74403     0.999645    0.0086395    0.0132922     0.021437            0            0            7
72.2818        3.436     -3.21915     0.992138    0.0107744    0.0231441     0.122519            0            0            8
81.7607      5.08194      -4.1127      0.99901   0.00920367    0.0404046    0.0162103            0            0            9
91.8298      5.82718     -5.11533     0.999131   0.00963238    0.0389807    0.0112096            0            0           10
103.136       6.21905      -6.26448     0.9983634    0.01135453    0.04430843   -0.03432778             0             0            11
115.341       6.38141      -7.56168     0.9987866    0.01288091    0.04284242    0.02059099             0             0            12
126.059       7.26016      -8.65711     0.9990609    0.01019665    0.03836899    0.01735161             0             0            13
136.024       8.27003      -9.57148     0.9961248   0.008445029    0.04491107    0.07514647             0             0            14
141.815       13.5152      -10.2222     0.7951823   0.002648325    0.04031899     0.6050227             0             0            15
142.462       23.6368      -10.9514     0.7248811   0.003157899    0.04513334     0.6873866             0             0            16
142.282       32.5838      -11.5747      0.714849   0.001297531     0.0373857     0.6982776             0             0            17
142.079       42.1271      -12.1604     0.7260606  0.0001335426    0.02953367     0.6869962             0             0            18
141.402       49.7222      -12.5702     0.7038714 -0.0009525615    0.02149942     0.7100013             0             0            19
141.077       58.4208      -13.0788      0.724673   -0.00692718    0.02616695     0.6885611             0             0            20
141.136       66.3092      -13.5467     0.7406705  -0.004440874    0.02589215     0.6713547             0             0            21
141.485       76.2042      -13.8908     0.7076945    0.03647993   0.004051291     0.7055645             0             0            22
141.263       89.7015      -13.6489     0.6782523    0.03063026   0.002053966     0.7341876             0             0            23
140.23       102.535      -13.3943     0.7188443     0.0437483  -0.003555826      0.693784             0             0            24
139.371       114.694      -13.1863     0.7098539    0.03511686    0.00996131     0.7034025             0             0            25
143.277       126.576      -13.4155     0.9972624   0.007545984    0.02525011    0.06908769             0             0            26
153.119       133.114       -13.967     0.7873954    0.02548402   0.002850247     0.6159147             0             0            27
153.024       144.274      -13.7702     0.7100912    0.02923468   0.001155406     0.7035016             0             0            28
151.487       155.689      -13.4751     0.5979585    0.03335243  -0.002164447     0.8008299             0             0            29
142.413       160.644      -12.9291    0.04833936    0.03182245  -0.005032229     0.9983112             0             0            30
127.954       161.399      -12.0846   0.004626397    0.04799248  -0.006000243      0.998819             0             0            31
115.542       161.497      -11.2578     0.1117736    0.04462579  -0.006673633     0.9927087             0             0            32
105.482       160.894       -10.611    0.04607732   -0.04144402   0.008362798    -0.9980428             0             0            33
91.7708       156.848      -9.87214     0.1582462    -0.0426681  0.0004804469    -0.9864772             0             0            34
78.4142       151.481      -9.13018     0.2335126   -0.03175065   0.005236959    -0.9718212             0             0            35
68.4886       142.247      -8.75261     0.2720941   -0.05214772    0.00364587    -0.9608497             0             0            36
55.8286       140.111      -7.87891    0.02167739    0.04243303   0.001510505      0.998863             0             1            37
44.2462       134.301      -7.16796     0.5633806   -0.03343382    0.01869146    -0.8253091             0             1            38
44.1527       123.451      -7.18134     0.7221883   -0.04096612    0.01647298    -0.6902858             0             0            39
44.945       110.688      -6.82104      0.702187   -0.05021364   -0.01382876     -0.710085             0             0            40
45.5035      98.1697     -6.09253     0.693865   -0.0489179   -0.0144993    -0.718296            0            0           41
45.8335      91.6351     -5.67426     0.726429    -0.046728   -0.0159269    -0.685466            0            0           42
46.5092      83.3341     -5.19655     0.695687   -0.0466168   -0.0178573    -0.716609            0            0           43
46.7906       76.885     -4.87724       0.7001   -0.0323257  -0.00434881    -0.713299            0            0           44
47.5713      65.6001      -4.5558     0.748144   -0.0331235   0.00639844    -0.662678            0            0           45
50.8526      59.2949      -4.5585     0.829747   -0.0432609    0.0125571    -0.556318            0            0           46
49.7693      51.7521     -4.19902     0.616815   -0.0441245   -0.0118107    -0.785782            0            0           47
49.0318      41.1203        -3.57     0.699464   -0.0433771   -0.0163837    -0.713162            0            0           48
49.6014      30.5574     -2.95692     0.725494   -0.0438593   -0.0110447    -0.686741            0            0           49
50.2252      20.4102     -2.51799     0.694677   -0.0414318    -0.011369    -0.718038            0            0           50
50.6582       8.5082     -2.11702     0.695781    -0.040434   0.00368942    -0.717105            0            0           51
