0.002737   -0.008042   -0.002485           1    -1.7e-05  -3.525e-05    0.000781           0           0           1
-0.23581      5.2266   -0.047197     0.99979   0.0026298 -1.3502e-05    0.020105           0           0           3
-0.27093      9.2288   -0.060942     0.99999   0.0022715   0.0018205   0.0035275           0           0           4
0.016848      16.6494    -0.167962     0.999749  -0.00680096   -0.0023871    0.0212326            0            0            6
-0.319331      23.5113    -0.224858     0.999101   0.00280452  0.000354819     0.042291            0            0            8
-0.713831      30.4997    -0.230341     0.999865 -0.000930873  -0.00182025     0.016291            0            0           10
-0.238962      37.9204    -0.339971     0.997099  -0.00134315  -0.00296786   -0.0760516            0            0           12
1.27276      42.6647    -0.376774     0.928018   0.00266446  -0.00601309    -0.372477            0            0           14
5.89424      42.6744    -0.372547     0.648177 -0.000291757  -0.00836697    -0.761444            0            0           16
12.4091      41.9262    -0.346415     0.718748 -0.000921899   -0.0113906    -0.695177            0            0           18
17.0545      42.0049     -0.32133     0.716091    0.0030093  -0.00898582    -0.697942            0            0           19
21.6494      42.0329    -0.289315     0.713236   0.00406634   -0.0119614     -0.70081            0            0           20
26.2662      42.0433    -0.238333     0.708812  0.000472378    -0.010906    -0.705313            0            0           21
30.8775       42.426     -0.19238     0.756913   0.00393699   -0.0133823    -0.653367            0            0           22
35.4471      42.8826    -0.108022     0.724254   0.00201822   -0.0150836    -0.689366            0            0           23
40.1127      42.9739    -0.088471      0.71013   0.00209496   -0.0114122    -0.703975            0            0           24
44.7293      42.8753    -0.028025     0.695757   0.00650873   -0.0138754    -0.718114            0            0           25
49.3551      42.5862     0.019265     0.680719   0.00567075   -0.0128874    -0.732409            0            0           26
53.3773       42.162     0.118786     0.686463   0.00676745   -0.0142166    -0.726995            0            0           27
57.8755       42.373     0.171227     0.726643   0.00224748    -0.015778    -0.686831            0            0           28
64.8984      42.8428     0.297998     0.732329   0.00705798   -0.0163684    -0.680718            0            0           29
71.6944      42.5637     0.400263       0.6807   0.00511178   -0.0114448    -0.732455            0            0           30
77.6228      41.9645     0.493812     0.694727   0.00365595   -0.0170589    -0.719062            0            0           31
82.2018      41.8489     0.556816     0.702522     0.005263   -0.0217798    -0.711309            0            0           32
86.8283      41.7024     0.663495     0.697073   0.00623785   -0.0206527    -0.716675            0            0           33
290.3526      38.49299      15.47143     0.5164512   -0.01245074   -0.05603567     0.8543905             0             0            34
285.2941      38.61039      15.00889     0.7052473    0.00457357   -0.06006384     0.7063977             0             0            36
280.8652      38.99102      14.61847     0.7368253   0.005363123   -0.06092377     0.6733112             0             0            37
273.1845      38.78063      13.91224     0.6669072   0.001602619   -0.06062217      0.742669             0             0            39
266.9769      37.61839      13.31109     0.6758464  -0.007654283   -0.05016533     0.7352934             0             0            41
262.8344      37.88116      12.95288     0.7618597   0.002889112   -0.05281459     0.6455789             0             0            42
258.0154      37.94636       12.4987     0.7331195  -0.003570616   -0.05522683     0.6778445             0             0            43
252.7061      38.02075      11.99449      0.688955  -0.007526542   -0.05308738     0.7228181             0             0            44
248.1191      37.66269      11.54321     0.6674385  -0.006744631   -0.05126873     0.7428673             0             0            45
243.5182      37.34952      11.10465     0.7168498  -0.008430944   -0.05191402     0.6952411             0             0            46
239.3498      38.71173      10.77954     0.7359941  -0.004523718   -0.05222426     0.6749554             0             0            47
232.8137      38.82003      10.17559     0.6857058  -0.007477972    -0.0472032     0.7263081             0             0            49
228.7697      38.61472      9.800539     0.6767171   -0.01005846   -0.04321753     0.7349048             0             0            50
222.4333      38.47872       9.26383     0.7236536  -0.005772862      -0.04732     0.6885151             0             0            52
215.8863      39.15337      8.701092     0.7477803  -0.004235063   -0.04657213     0.6622973             0             0            54
209.2218      39.02736      8.114339     0.6863262  -0.008805793   -0.04226914     0.7260111             0             0            56
203.088      38.97389      7.622219     0.7066173  -0.002052584   -0.04162629     0.7063675             0             0            58
195.7       39.4432      7.073658     0.7321584  -0.004027602   -0.03840667     0.6800388             0             0            60
187.896      40.15085      6.527292     0.7129875  -0.002930192   -0.03790817     0.7001451             0             0            62
183.8212      40.27333      6.236493      0.708211  -0.002804919   -0.03702005      0.705024             0             0            63
179.1692      40.38699      5.937342     0.7079634  -0.002929796   -0.03688083     0.7052795             0             0            64
174.6759      40.49485      5.594899     0.7096048  -0.002740479   -0.03972535     0.7034738             0             0            65
169.7399      40.66275      5.266408     0.7105505  -0.003184354   -0.03503996      0.702766             0             0            66
162.5243      40.88033      4.778666     0.7142504  -0.007282386   -0.03402383     0.6990248             0             0            67
153.5548      41.02172      4.151925     0.6577658   -0.01268828    -0.0264704     0.7526503             0             0            68
142.9692      41.06241      3.508635     0.7053165  -0.008501762   -0.02835335     0.7082742             0             0            70
136.7501      41.12479        3.0989     0.7055702   -0.01119164   -0.02535869     0.7080977             0             0            71
131.2568       41.4211      2.772362     0.7216395  -0.006868968   -0.02500581     0.6917832             0             0            73
126.9021      41.74767      2.517608      0.731519  -0.007699749   -0.02113283       0.68145             0             0            74
119.4753      41.70961      2.093008     0.6661627   -0.00731158   -0.01998563     0.7455027             0             0            76
115.289      41.63375      1.863435     0.7014798  -0.007289221   -0.01937664     0.7123886             0             0            77
111.0323       41.7752      1.647693     0.7136654  -0.003556256   -0.02037811     0.7001813             0             0            78
106.3765      42.07094      1.450096     0.7293017  4.616733e-05   -0.01860141     0.6839393             0             0            79
101.6344      42.14067      1.229134     0.6862861   -0.00320013   -0.01490123      0.727172             0             0            80
96.5022      42.0381      1.01687     0.712058  -0.00108755   -0.0174041     0.701904            0            0           81
92.2368      42.2964     0.871224     0.727938   0.00088103   -0.0161518     0.685452            0            0           82
