
     1     3
     3     4
     4     6
     6     8
     8    10
    10    12
    12    14
    14    16
    16    18
    18    19
    19    20
    20    21
    21    22
    22    23
    23    24
    24    25
    25    26
    26    27
    27    28
    28    29
    29    30
    30    31
    31    32
    32    33
    34    36
    36    37
    37    39
    39    41
    41    42
    42    43
    43    44
    44    45
    45    46
    46    47
    47    49
    49    50
    50    52
    52    54
    54    56
    56    58
    58    60
    60    62
    62    63
    63    64
    64    65
    65    66
    66    67
    67    68
    68    70
    70    71
    71    73
    73    74
    74    76
    76    77
    77    78
    78    79
    79    80
    80    81
    81    82
