0  0  0  1  0  0  0  0  0  1
3.03359      18.8088   -0.0940149     0.997156    0.0122824   -0.0164546    -0.072518            0            0            2
5.1531      38.7046    -0.140033     0.999492  -0.00289234  -0.00333418    0.0315527            0            0            3
7.29261      53.0517    -0.107353     0.994938    0.0019869 -0.000361648    -0.100475            0            0            4
9.83062      73.0057   -0.0223313     0.999385  0.000598708  -0.00115621   -0.0350336            0            0            5
13.4487      92.9539  -0.00956205     0.997995  0.000415808  -0.00109944   -0.0632784            0            0            6
15.3694       113.069   -0.00822883      0.996671   -0.00454708   -0.00652687    -0.0811417             0             0             7
18.4965       132.933    -0.0546072      0.997101    0.00111948   -0.00634901    -0.0758205             0             0             8
28.5932        153.84    -0.0188593      0.636273   -0.00780507    0.00318834     -0.771418             0             0            11
48.1844       149.777     -0.247133      0.673992   -0.00366106    0.00172219     -0.738727             0             0            12
68.0612       146.187     -0.441966      0.668548   -0.00751096    0.00128396      -0.74363             0             0            13
88.1292       142.799     -0.849948      0.628398   -0.00655712    0.00466724      -0.77785             0             0            14
108.127       139.473      -1.34052      0.595688    -0.0120414    0.00608699     -0.803103             0             0            15
120.714       138.826      -1.57682       0.73689    -0.0105117    0.00638297     -0.675901             0             0            16
128.048       140.646      -1.66436      0.918083   -0.00741825    0.00354235     -0.396303             0             0            17
142.216       150.196      -1.80159      0.806292    -0.0103394     0.0171784     -0.591177             0             0            18
146.82       149.773      -1.86177       0.58293    -0.0079603     0.0108209     -0.812411             0             0            19
154.849       143.803      -2.03909     -0.430718    0.00819796    -0.0058107      0.902431             0             0            20
170.176        130.94      -2.47951     -0.290631    0.00461788   -0.00475507      0.956812             0             0            21
172.511       125.085      -2.59735     0.0239151     0.0167046   -0.00765278      0.999545             0             0            22
174.214       108.977      -2.97745      -0.34005     0.0132662     -0.013968       0.94021             0             0            23
175.48       106.853      -3.06222    -0.0411754     0.0082394   -0.00584851      0.999101             0             0            24
1.4907      8.54075            0            1            0            0            0            0            0           25
3.91626      28.2978   -0.0940149     0.997156    0.0122824   -0.0164546    -0.072518            0            0           26
5.53671      45.7881    -0.140033     0.999492  -0.00289234  -0.00333418    0.0315527            0            0           27
8.85675      64.3589   -0.0223313     0.999385  0.000598708  -0.00115621   -0.0350336            0            0           28
12.8361      84.1561  -0.00956205     0.997995  0.000415808  -0.00109944   -0.0632784            0            0           29
14.74372      103.8997   -0.00822883      0.996671   -0.00454708   -0.00652687    -0.0811417             0             0            30
16.13344      123.6299    -0.0546072      0.997101    0.00111948   -0.00634901    -0.0758205             0             0            31
20.31669      142.2231    -0.0546072      0.997101    0.00111948   -0.00634901    -0.0758205             0             0            32
37.68479      152.0014    -0.0188593      0.636273   -0.00780507    0.00318834     -0.771418             0             0            33
58.18149      147.6947     -0.441966      0.668548   -0.00751096    0.00128396      -0.74363             0             0            34
77.45185      144.0472     -0.441966      0.668548   -0.00751096    0.00128396      -0.74363             0             0            35
98.9844      139.7673      -1.34052      0.595688    -0.0120414    0.00608699     -0.803103             0             0            36
135.6407      145.2076      -1.80159      0.806292    -0.0103394     0.0171784     -0.591177             0             0            37
162.4731      136.4004      -2.47951     -0.290631    0.00461788   -0.00475507      0.956812             0             0            38
173.5091      117.1645      -2.59735     0.0239151     0.0167046   -0.00765278      0.999545             0             0            39
23.02681      148.8386    -0.0546072      0.997101    0.00111948   -0.00634901    -0.0758205             0             0            40
