0.0076334   -0.021993  -0.0054469           1 -0.00025677 -0.00025788   0.0013755           0           0           1
9.2995    -0.56696    -0.25082     0.99018 -0.00066802  -0.0024009    -0.13979           0           0           4
15.5934     -1.35555    -0.357124     0.999818   0.00140016  -0.00307315   -0.0187518            0            0            5
24.6662    -0.784788     -0.62103     0.999783  -0.00343268    0.0196535   0.00602951            0            0            7
31.0607    -0.209205     -1.00015     0.999724   0.00535298    0.0225281   0.00408065            0            0            8
35.0968     0.148665     -1.24759     0.998905   0.00637893    0.0201469    0.0417363            0            0            9
40.2596     0.797578     -1.54134     0.999635   0.00852786    0.0171109    0.0190667            0            0           10
47.1903      1.33413     -1.93321     0.999717   0.00983971    0.0201659  -0.00789546            0            0           11
57.3438      2.00549     -2.51137      0.99982   0.00737573    0.0156571  -0.00776507            0            0           12
63.0198      2.47332     -2.79297     0.999734   0.00792134    0.0115374    0.0183559            0            0           13
67.8656      2.86558     -2.97773     0.999886    0.0048866    0.0142203   -0.0012507            0            0           14
73.6964      3.83065     -3.30984     0.992773    0.0150584     0.033727     0.114186            0            0           15
78.1719      4.94554     -3.75333     0.999063   0.00770037     0.041529  -0.00946597            0            0           16
83.0447      5.21916     -4.25484     0.999045    0.0078047    0.0411058    0.0125702            0            0           17
88.1055      5.56036     -4.75933     0.999197   0.00647543    0.0388764  -0.00723751            0            0           18
93.1906      5.93205      -5.2321     0.999172   0.00933283     0.039126   0.00616806            0            0           19
98.6464       6.1729     -5.78134     0.998235   0.00812865    0.0441776   -0.0388378            0            0           20
105.237       6.21464      -6.48832     0.9980564    0.01245223    0.04560744   -0.04060024             0             0            21
110.895       6.16971      -7.09262      0.998092    0.01499361    0.04612836    -0.0382054             0             0            22
118.083       6.67977      -7.85393     0.9989584    0.01186301    0.04287459    0.01015608             0             0            23
123.191       7.04448       -8.3828     0.9992173    0.01011302    0.03804913   0.003842317             0             0            24
128       7.43187      -8.85874     0.9992508   0.009211825    0.03621636    0.01006742             0             0            25
133.539       7.88424      -9.32506     0.9992254   0.009102677     0.0316394    0.02155467             0             0            26
140.755        11.241      -10.0192     0.9051979     0.0183226    0.03352245     0.4232697             0             0            28
142.219       16.1284      -10.4631     0.7676246  -0.006398636    0.05706541      0.638322             0             0            29
142.514       20.8605      -10.7468     0.7181845   0.003652758    0.04451477     0.6944178             0             0            30
142.468       25.8414      -11.1511     0.7220423 -0.0003859327    0.03677286     0.6908708             0             0            31
142.41       30.2584      -11.4425     0.7079829   0.002639505    0.04095418     0.7050362             0             0            32
142.148       35.2458      -11.7497     0.7213537   0.002260965    0.03694157     0.6915772             0             0            33
142.137       40.6236      -12.0594       0.73041   0.006443451    0.03855014     0.6818897             0             0            34
141.571         48.02      -12.4753     0.6990929  -0.001626348    0.02310535     0.7146556             0             0            36
141.297       52.4395      -12.7453      0.710479   0.003467243     0.0322053     0.7029725             0             0            37
141.132       57.0901      -13.0005     0.7225253  -0.000825899    0.02773251     0.6907876             0             0            38
141.097       64.6145      -13.4725     0.7371531  -0.003507991     0.0218124     0.6753645             0             0            40
141.305        70.005      -13.7508      0.748944 -0.0001772088    0.02248755     0.6622516             0             0            41
141.611       74.3998       -13.923     0.7117949    0.02960451    0.01388373     0.7016259             0             0            42
141.274       80.6955      -13.8083     0.7211508    0.02763915   0.003578176     0.6922173             0             0            43
141.364       87.8536        -13.69     0.7426004    0.02672061    0.01314047     0.6690724             0             0            44
140.687        94.762      -13.5306      0.695294    0.03373716   0.004231452     0.7179207             0             0            45
140.246       101.478      -13.4322      0.715479    0.03112032   0.006384855     0.6979116             0             0            46
140.139       106.497      -13.3339     0.6930934    0.03330886    0.00665375     0.7200471             0             0            47
139.524       112.732      -13.2304     0.7040948    0.02544793   0.008715956     0.7095963             0             0            48
139.197       119.395      -13.1599     0.7235686    0.02861755    0.02331321     0.6892648             0             0            49
142.472       126.261      -13.3589     0.9922206   0.009393074    0.02498333      0.121597             0             0            50
148.001       127.779      -13.7411     0.9870532    0.01034697    0.02151941     0.1586062             0             0            51
152.777       132.087      -13.9614     0.8358082    0.02440856   0.005165206     0.5484544             0             0            52
153.194       137.629      -13.9202     0.7295394    0.02998167   0.002941949      0.683275             0             0            53
153.087       143.349      -13.7913     0.7087731    0.02876871  0.0001791702     0.7048496             0             0            54
152.898       149.055      -13.6961     0.6681396    0.03271678  0.0006541955      0.743316             0             0            55
151.678       155.092      -13.4972     0.6171302    0.03449334  -0.004156043     0.7860937             0             0            56
148.733       159.734       -13.234     0.2898097    0.03646737  -0.006093996     0.9563699             0             0            57
142.869       160.635      -12.9547    0.04736608    0.03281675  -0.004881825     0.9983264             0             0            58
135.977       161.089      -12.5645    0.07771051     0.0533259 -0.0005734788     0.9955486             0             0            59
128.292       161.403      -12.1316   0.003643103    0.04959766   -0.00623995     0.9987431             0             0            60
121.495       161.407      -11.6679    0.04886145    0.04527225  -0.002970189     0.9977746             0             0            61
115.542       161.497      -11.2578     0.1117736    0.04462579  -0.006673633     0.9927087             0             0            62
111.434       161.786      -10.9573   0.001551127    0.03902664  -0.006710604     0.9992144             0             0            63
105.317       160.836      -10.6232    0.04552386   -0.04162112   0.007581011     -0.998067             0             0            64
98.4526       159.078      -10.2558     0.1361523   -0.04066091   0.007158468    -0.9898273             0             0            65
91.3971       156.712      -9.85654     0.1561664   -0.04033163   0.000620096    -0.9869068             0             0            66
84.4939       154.262       -9.4977     0.1249062   -0.03654004 -0.0004234471    -0.9914954             0             0            67
77.877       151.102      -9.10367      0.231237   -0.03243481   0.006019863     -0.972338             0             0            68
72.5339       146.636      -8.89526     0.4039876   -0.02835133   0.008514364    -0.9142854             0             0            69
67.8781       141.894      -8.68037      0.179444   -0.05185756  -0.001953987    -0.9823985             0             0            70
61.0924       140.416      -8.19914    0.03449536   -0.04109749    0.00171062     -0.998558             0             0            71
54.7297       140.075      -7.80497    0.01184212   -0.03854441  0.0003957317    -0.9991866             0             1            72
47.4463       138.078      -7.34564     0.2135917   -0.04494897    0.01525458    -0.9757692             0             0            73
44.0665       133.629      -7.17465     0.6037883   -0.03238323    0.02071001    -0.7962174             0             1            74
43.9916       128.122      -7.20567     0.6863357   -0.03985297    0.01990103    -0.7259194             0             0            75
44.3247       121.781      -7.17049     0.7170777   -0.04117875    0.01269287      -0.69566             0             0            76
44.8017       114.166       -6.9753      0.689704   -0.02532426    0.01522959    -0.7234881             0             0            77
45.0281       108.917       -6.7203     0.6957684   -0.04639232   -0.01164835    -0.7166717             0             0            78
45.2702       102.695      -6.37116     0.7097758   -0.05009441   -0.01391164    -0.7025065             0             0            79
45.5252      97.2252     -6.04472     0.689367   -0.0449406   -0.0173626    -0.722808            0            0           80
45.972      90.3345     -5.58955     0.721147    -0.046319   -0.0159682    -0.691047            0            0           82
46.3678      86.2694     -5.34654     0.706501   -0.0474738   -0.0145215    -0.705969            0            0           83
46.5655      82.1509     -5.12533      0.70965   -0.0466127   -0.0177069    -0.702787            0            0           84
46.9197      74.6314     -4.82398     0.697067    -0.030812  -0.00628548    -0.716316            0            0           86
47.4596       68.338     -4.62126     0.715729   -0.0503945   0.00838712    -0.696508            0            0           87
48.454      63.6653     -4.55846     0.846218   -0.0327493   0.00472898    -0.531809            0            0           88
50.7849      59.3519     -4.56076     0.830775   -0.0449187    0.0138734     -0.55462            0            0           89
50.3805       53.661     -4.31938     0.582041   -0.0460079   -0.0129996    -0.811753            0            0           91
49.3536      49.1788     -4.03647     0.636929   -0.0410304   -0.0153536    -0.769677            0            0           92
48.8823      43.5417     -3.69582     0.688052   -0.0445636   -0.0186324    -0.724052            0            0           93
49.0718      38.3786     -3.39763     0.689401   -0.0482149   -0.0171463     -0.72257            0            0           94
49.3194      33.2191     -3.09918     0.701312   -0.0607928   -0.0248248    -0.709824            0            0           95
49.8696      26.8368     -2.79125     0.700257   -0.0409815    -0.013619    -0.712583            0            0           96
50.113      22.6133       -2.632      0.70241   -0.0396238   -0.0134449    -0.710541            0            0           97
50.2961      16.9824      -2.3394     0.683474   -0.0398692  -0.00885037    -0.728831            0            0           98
50.5216      10.7556     -2.14524     0.702964   -0.0331385   0.00233754    -0.710449            0            0           99
