-0.019396    0.016866  -0.0015207           1 -4.1993e-05  8.5532e-05  0.00064688           0           0           1
-0.19639      5.5283     0.09626     0.99924   0.0087605  0.00014684    0.037911           0           0           7
-0.494809      10.3595     0.155447     0.999787   0.00090441  0.000483812    0.0206239            0            0           10
-0.507428      14.6768     0.207807     0.999159   0.00125806   0.00105165    0.0409601            0            0           13
-0.907279      19.8785     0.249779     0.999984  -0.00443978   0.00283335   0.00200364            0            0           17
-0.847004      23.8841     0.269249     0.999875  -0.00335239   0.00461469    0.0147733            0            0           21
-0.617657      28.8433     0.318715     0.998881  -0.00215677  -0.00124154   -0.0472192            0            0           26
0.192291      33.4088     0.379368     0.999868    0.0119458     0.010377   0.00378389            0            0           32
-0.265708      37.4192     0.411421     0.999804   0.00716218  -0.00679668    0.0171744            0            0           36
-0.502625      42.5301     0.475451     0.998944   0.00279135  -0.00251046   -0.0457929            0            0           40
-0.686647      47.5046     0.528128     0.999509  0.000342586  -0.00345726    0.0311403            0            0           44
-0.457557      52.2149     0.562432     0.999796   0.00459709  -0.00122066   -0.0196542            0            0           47
-0.604248       56.745     0.617958     0.999737   0.00254975 -0.000147448    0.0227742            0            0           50
-0.764287      61.1775     0.638308     0.997893   0.00375073 -0.000213432     0.064768            0            0           53
-1.41999      65.9057     0.700719     0.997292   0.00394001 -0.000632335    0.0734399            0            0           56
-1.91402      70.5477     0.709601     0.999952    0.0011003  -0.00029651  -0.00970909            0            0           59
-6.74093       100.018       1.11919     0.9956535   0.005436486   -0.01703851    0.09140179             0             0           167
-7.51511       105.206       1.20348     0.9976006   0.008909404  -0.008953507    0.06806958             0             0           170
-8.03791         110.1       1.28118     0.9986731   0.005013159   -0.01814918    0.04793285             0             0           173
-8.37056       114.925       1.42412     0.9994683   0.003444265   -0.01303969    0.02968534             0             0           176
-8.75594       119.922        1.3906     0.9933799  -0.004965012  -0.004790697     0.1146684             0             0           179
-10.0034       124.785       1.43579     0.9921913 -3.712979e-05   -0.01028907     0.1243004             0             0           182
-10.1538       129.492       1.45333      0.999787  -0.003501247  -0.005272172     0.0196421             0             0           185
-10.2519       133.799        1.4358     0.9998887  0.0004242738  -0.002578685    0.01468839             0             0           188
-10.4073       138.838       1.47095     0.9980076 -0.0003245418   0.001506234    0.06307568             0             0           192
-10.9753       143.463       1.47466      0.997134   -0.00263872   0.001621354    0.07559293             0             0           196
-11.5967        148.27       1.50405     0.9971822   0.002084366    0.00334676    0.07491411             0             0           200
-10.9668       152.657       1.54407     0.9610523  -0.005106997   0.007822162    -0.2762088             0             0           204
-9.19158       156.322       1.50891     0.9752456   0.001788331 -0.0003907251    -0.2211169             0             0           207
-6.43548       159.324       1.58949     0.9117568     0.0297109    -0.0162928    -0.4093304             0             0           210
-2.26268       160.043       1.71159     0.7474616    0.00787022   0.004148984    -0.6642454             0             0           213
2.36784       161.225       1.72254     0.8161485 -0.0001382062  0.0004238375     -0.577842             0             0           216
6.97575       162.752       1.72454     0.7877713 -0.0005981385   0.002902534    -0.6159607             0             0           220
11.0252       164.552        1.7288     0.9811866 -0.0004896416  -0.002731112    -0.1930421             0             0           225
2.04044      -4.07903     -0.115616     0.1170128   -0.01329358   0.009975043    -0.9929913             0             0           401
2.90315        -8.691     -0.208812    0.09711004   -0.01138091   0.008814986    -0.9951695             0             0           404
4.29045      -12.5744     -0.278033     0.1688812   -0.01194616   0.009877876    -0.9855145             0             0           407
4.86988      -16.9743     -0.337769    0.06441808   -0.01487791   0.008346564    -0.9977772             0             0           410
4.73779       -21.764     -0.432378     0.1484654    0.01546566  -0.006650995     0.9887743             0             0           413
3.62434      -26.1815      -0.49303   0.006852634   -0.01638697    0.01340548    -0.9997524             0             0           416
3.45508      -31.4545     -0.540668   0.003617492    0.01448018   -0.00770762     0.9998589             0             0           420
3.34869      -36.1813      -0.59856    0.01676636   -0.01675804   0.009839475    -0.9996706             0             0           423
3.43792      -40.5848     -0.696596   0.007928052    0.02015378  -0.009104569      0.999724             0             0           428
4.16914      -45.4041     -0.765323    0.08551926   -0.01656682   0.008357799    -0.9961637             0             0           432
4.99185      -50.4929     -0.815272    0.09252323   -0.02268779   0.007759054    -0.9954218             0             0           435
5.83755      -55.2617     -0.836589     0.0984453   -0.02496078   0.007545209    -0.9948008             0             0           438
6.74982      -60.0643     -0.947018    0.08328305   -0.02282384   0.009826891    -0.9962161             0             0           441
6.50775      -65.0096     -0.969688   0.001300013    0.01727746  -0.004509536     0.9998397             0             0           444
6.4333      -70.0036      -1.01387      0.112284     0.0184708  -0.006239121     0.9934849             0             0           447
8.27764      -74.7122      -1.09993    0.08503068    -0.0176295   0.002579731     -0.996219             0             0           451
8.16272      -79.1084      -1.14157   0.007192591    0.02324559  -0.009102679     0.9996625             0             0           455
7.90171      -83.7572      -1.16731    0.03563342    0.02490908  -0.006955602     0.9990302             0             0           458
8.10089      -88.6491      -1.23771    0.07554035   -0.02712853    0.01226602    -0.9966982             0             0           461
8.63512      -93.5746      -1.35346    0.02911225   -0.02537308    0.01277288    -0.9991724             0             0           464
8.36956      -98.4854      -1.44755    0.03585675    0.02355241   -0.01148477     0.9990134             0             0           467
10.2686      -103.028       -1.5811     0.1360667   -0.01714166    0.01064374    -0.9904942             0             0           471
11.7876      -106.862      -1.69364     0.2775713   -0.01967926    0.01570752     -0.960375             0             0           476
10.944      -111.586      -1.73625    0.08935179    0.01875171   -0.01579172     0.9956984             0             0           480
10.9281      -116.038      -1.81393    0.06891744   -0.02246421    0.01635044    -0.9972354             0             0           483
11.4725      -120.127      -1.89971     0.4501114   -0.02430299    0.02104785    -0.8923935             0             0           500
13.1376       -125.12      -2.01171    0.03379334    0.01790823   -0.01422429     0.9991671             0             0           506
12.5802      -129.701      -2.01066    0.06200001    0.02000362   -0.01381368     0.9977801             0             0           509
12.0399      -134.591      -2.03841    0.01562765    0.02419222   -0.01344798     0.9994947             0             0           512
11.8629      -139.512      -2.07621    0.01591616   -0.02371103    0.01538849    -0.9994737             0             0           515
11.955       -144.53      -2.10553    0.03464345   -0.02533933    0.01445594    -0.9989739             0             0           518
12.256      -149.384       -2.1453    0.04876755   -0.02804376    0.01073375    -0.9983587             0             0           521
12.7116      -154.317      -2.15719    0.06117992   -0.03178944    0.01479783    -0.9975106             0             0           524
13.2805      -159.262      -2.18031    0.07478696   -0.02857095    0.01289646    -0.9967067             0             0           527
13.9073      -164.318      -2.18686     0.0912384   -0.02460946    0.01159262    -0.9954575             0             0           530
14.7384      -169.172       -2.1859    0.09414353   -0.03148195   0.006672014    -0.9950384             0             0           533
15.5931      -174.049      -2.21675    0.08816808    -0.0324801    0.00903183     -0.995535             0             0           536
16.3044       -178.88      -2.21139    0.07992785    -0.0293545   0.007785041    -0.9963379             0             0           539
16.759      -183.974      -2.18887    0.01092128   -0.02952544   0.004697798    -0.9994933             0             0           542
16.6764      -188.921      -2.14232    0.01068107    0.03373411   -0.00343041     0.9993679             0             0           545
16.4023      -193.775      -2.11795   0.003628281    0.02666469  -0.002107457     0.9996356             0             0           548
16.5275      -198.614      -2.04992    0.04788134   -0.02607334    0.01321615    -0.9984252             0             0           551
16.9302      -203.423       -2.0396    0.06336422   -0.01849791    0.01037417    -0.9977651             0             0           554
17.4213      -208.226      -2.00395    0.05868682   -0.02494451  0.0007602544    -0.9979645             0             0           557
17.861      -213.154      -1.95604    0.05346676   -0.02441165   0.004214062    -0.9982623             0             0           560
18.2136      -218.061      -1.86332     0.0506683   -0.02331856   0.001591983     -0.998442             0             0           563
18.5555      -222.997       -1.8072    0.04450853   -0.02518498   0.005380945     -0.998677             0             0           566
19.244      -228.047      -1.76364     0.1374892   -0.02995251   0.005636286    -0.9900342             0             0           569
20.5332      -232.784      -1.74718     0.1500497   -0.03146408   0.002448893    -0.9881746             0             0           572
21.9641       -237.53       -1.7106     0.1647294   -0.02820114   0.003741515    -0.9859285             0             0           575
23.4662      -242.431      -1.67635     0.1794185    -0.0271244    0.00423922    -0.9833897             0             0           578
26.6881       -246.19      -1.67225     0.5220872   -0.03087703   0.001190275    -0.8523322             0             0           581
31.6393      -246.505      -1.83204     0.7824592   -0.02792269   0.008973729    -0.6220108             0             0           584
36.4566      -245.394      -2.01508     0.7876193    -0.0252464   0.008928487      -0.61558             0             0           587
41.3365      -244.472      -2.19681     0.7723253   -0.02700518    0.01004366    -0.6345735             0             0           590
46.2162      -243.416      -2.37147      0.843197   -0.02929014   0.006533832    -0.5367665             0             0           593
50.6101      -241.117      -2.47013     0.8620324    -0.0231857   0.009286032    -0.5062375             0             0           596
54.924      -238.862      -2.62189     0.8590075   -0.02499298   0.005960281    -0.5113178             0             0           599
59.2903      -236.663      -2.77209     0.8542858   -0.02671863   0.006012359    -0.5190817             0             0           602
63.9385      -234.462       -2.9141     0.8526688   -0.02463495    0.01122646      -0.52175             0             0           605
68.3498       -232.36      -3.07736      0.847226   -0.02583037   0.005533144    -0.5305754             0             0           608
72.8869      -230.361      -3.25639     0.8427476   -0.02551609   0.005907124    -0.5376714             0             0           611
77.5977      -227.887      -3.40059     0.9023716   -0.03075894   0.003009811    -0.4298492             0             0           614
80.9288      -225.186      -3.56311     0.9090463   -0.01983424   0.007232215    -0.4161599             0             0           616
84.152      -222.655      -3.64413     0.8909193   -0.02581474   0.003573551    -0.4534132             0             0           618
88.4511      -220.331      -3.77706     0.8725469   -0.02224724    0.00259734    -0.4880165             0             0           621
92.619      -217.722      -3.94689     0.8835928   -0.02001702   0.008133437    -0.4677573             0             0           624
97.1567      -215.292      -4.06747     0.8553301   -0.02135027 -0.0008485801    -0.5176426             0             0           627
101.688      -213.276      -4.15699      0.840916   -0.02663868   -0.00221067    -0.5405052             0             0           630
106.225      -211.453      -4.25567     0.8246432    -0.0203794  -0.006774888    -0.5652454             0             0           633
109.766      -209.369      -4.35121     0.8992323   -0.03860523   0.006476806    -0.4357167             0             0           641
113.261       -206.71      -4.41528     0.8610751   -0.02626924  -0.003503083    -0.5077867             0             0           647
118.099      -204.506      -4.47568     0.8461795   -0.01939495  -0.004663137    -0.5325245             0             0           650
122.474      -202.233       -4.5371     0.8759318   -0.02288064   -0.00615817    -0.4818527             0             0           653
126.729      -199.792      -4.62132     0.8711709   -0.02322045   -0.01192308    -0.4902855             0             0           656
130.978      -197.413      -4.69434      0.863201   -0.02348069   -0.01292327    -0.5041485             0             0           659
135.68      -195.039       -4.6971     0.8528007   -0.02528731   -0.01758509    -0.5213274             0             0           662
139.894      -193.087      -4.76561     0.8437847    -0.0262612   -0.02202141    -0.5355864             0             0           665
144.017      -191.163       -4.8057     0.8876858    -0.0274629   -0.01896186    -0.4592387             0             0           668
148.096      -188.318      -4.84628     0.8785628   -0.02760271   -0.02299944    -0.4762735             0             0           671
152.635      -186.137      -4.86549     0.8290619    -0.0222646   -0.02371039      -0.55821             0             0           674
157.371      -184.518      -4.82245     0.8112743   -0.02055854   -0.02561891    -0.5837422             0             0           677
161.572      -183.337      -4.75547      0.807656   -0.03624276   -0.01726421    -0.5882858             0             0           680
165.541      -182.242      -4.69886     0.7988208   -0.02576867   -0.02262412     -0.600591             0             0           685
168.395      -178.753       -4.7994     0.9945623   -0.03077135   -0.01739611   -0.09796111             0             0           688
167.882      -174.073      -5.01538     0.9962992   -0.03346247   -0.01696423    0.07733308             0             0           691
166.028      -169.677      -5.27842     0.9667605   -0.03243175   -0.01393853     0.2532353             0             0           694
163.461      -165.197      -5.55958     0.9606556   -0.03234399   -0.01600423      0.275388             0             0           697
160.843      -158.949      -5.90882      0.983606   -0.03463428   -0.01188003     0.1765746             0             0           700
158.241      -152.289      -6.27392     0.9694405   -0.02958322   -0.01215331     0.2432329             0             0           702
155.935      -147.917      -6.46726     0.9687825   -0.03038792   -0.01318274     0.2456895             0             0           704
153.515       -143.11      -6.75698     0.9700649   -0.03123345   -0.01677573     0.2402439             0             0           707
151.064      -138.123       -7.0077      0.971313   -0.03062598   -0.01387192     0.2354161             0             0           709
148.013      -131.811      -7.24247     0.9738756   -0.02611886   -0.01768116      0.224881             0             0           711
146.023      -127.402      -7.47256      0.975036   -0.02643535    -0.0184773     0.2196918             0             0           714
143.691      -123.003      -7.68003     0.9529379   -0.02342455   -0.01511272     0.3018812             0             0           717
-8.304949      92.36206       1.11919     0.9956535   0.005436486   -0.01703851    0.09140179             0             0           718
-7.33554      89.51606       1.11919     0.9956535   0.005436486   -0.01703851    0.09140179             0             0           719
-5.940376      84.94193       1.11919     0.9956535   0.005436486   -0.01703851    0.09140179             0             0           720
-6.088845      81.55227       1.11919     0.9956535   0.005436486   -0.01703851    0.09140179             0             0           721
-4.796299      77.75759       1.11919     0.9956535   0.005436486   -0.01703851    0.09140179             0             0           722
-4.416396      71.86035      0.709601     0.9999522   0.001100298 -0.0002965095  -0.009709091             0             0           723
