     1     7
     7    10
    10    13
    13    17
    17    21
    21    26
    26    32
    32    36
    36    40
    40    44
    44    47
    47    50
    50    53
    53    56
    56    59
   167   170
   170   173
   173   176
   176   179
   179   182
   182   185
   185   188
   188   192
   192   196
   196   200
   200   204
   204   207
   207   210
   210   213
   213   216
   216   220
   220   225
   401   404
   404   407
   407   410
   410   413
   413   416
   416   420
   420   423
   423   428
   428   432
   432   435
   435   438
   438   441
   441   444
   444   447
   447   451
   451   455
   455   458
   458   461
   461   464
   464   467
   467   471
   471   476
   476   480
   480   483
   483   500
   500   506
   506   509
   509   512
   512   515
   515   518
   518   521
   521   524
   524   527
   527   530
   530   533
   533   536
   536   539
   539   542
   542   545
   545   548
   548   551
   551   554
   554   557
   557   560
   560   563
   563   566
   566   569
   569   572
   572   575
   575   578
   578   581
   581   584
   584   587
   587   590
   590   593
   593   596
   596   599
   599   602
   602   605
   605   608
   608   611
   611   614
   614   616
   616   618
   618   621
   621   624
   624   627
   627   630
   630   633
   633   641
   641   647
   647   650
   650   653
   653   656
   656   659
   659   662
   662   665
   665   668
   668   671
   671   674
   674   677
   677   680
   680   685
   685   688
   688   691
   691   694
   694   697
   697   700
   700   702
   702   704
   704   707
   707   709
   709   711
   711   714
   714   717
   718   719
   719   720
   720   721
   721   722
   722   723
     1   401
   167   718
    59   723
