-0.019396    0.016866  -0.0015207           1 -4.1993e-05  8.5532e-05  0.00064688           0           0           1
-0.1608      5.0591    0.068326     0.99936   0.0079854  0.00047522    0.034846           0           0           4
-0.508121      10.9935     0.161448     0.999852  -0.00100135  0.000375919    0.0171906            0            0            6
-0.946607      16.4683     0.236228     0.996791  0.000694719  0.000472267    0.0800456            0            0            8
-0.838283      21.3114     0.236734     0.999946  -0.00264214   0.00135567  -0.00994691            0            0           10
-0.792085      26.7576     0.300195     0.999912   0.00125687  0.000941998   -0.0131771            0            0           13
-0.28093      31.3688     0.277494     0.997902    0.0382606   0.00316629   -0.0521344            0            0           16
-0.252969      36.7385     0.423419      0.99745   0.00872189  -0.00990127    0.0701426            0            0           19
-0.626135      41.1968     0.459226     0.997699   0.00728028 -0.000238521    0.0674074            0            0           21
-0.553408      46.1856      0.51534     0.986042   0.00649567  -0.00437718     0.166313            0            0           23
-0.460687       51.927     0.567362     0.999826   0.00398703   0.00106493   -0.0182066            0            0           25
-0.611609      57.6712     0.621289     0.999879   0.00197439   0.00038692    0.0154033            0            0           27
-1.09473      63.5777     0.671265     0.997534   0.00703612  0.000322006    0.0698279            0            0           29
-1.22249      74.7181     0.748445     0.986163   0.00536089   0.00525921    -0.165611            0            0           33
-2.48989      83.7854     0.904497     0.843311   0.00675937 -0.000991567     0.537383            0            0           82
-4.09696      89.0039     0.924774     0.999822   0.00705548   0.00516784    0.0167054            0            0           84
-4.39607      95.0234      1.05252     0.999446   0.00123171   0.00680782    0.0325537            0            0           86
-6.72984       100.182        1.1351     0.9957672   0.004224411   -0.01214818    0.09100672             0             0            88
-7.66791       106.699       1.23324     0.9978821   0.009357921   -0.01096302    0.06343086             0             0            90
-8.23206       112.906       1.39072     0.9990945  0.0009433801   -0.01252209    0.04065122             0             0            92
-8.56986       119.176       1.39277     0.9978935  -0.003005666  -0.004166217    0.06466971             0             0            94
-10.0807       125.383       1.42939     0.9971092  0.0005816932  -0.007962743    0.07556096             0             0            96
-10.1914       131.395       1.45356     0.9997793  -0.002715357  -0.003312659    0.02056829             0             0            98
-10.2287       136.347       1.47301     0.9999643 -0.0009536616  -0.002101793   0.008134364             0             0           100
-10.6645       140.975       1.47045     0.9974939  -0.003994664   0.003936089    0.07053051             0             0           102
-11.2286       145.367       1.47059     0.9971383   0.003149217   0.002494052    0.07549205             0             0           104
-11.7824       149.977       1.52651     0.9974223   0.009026918   0.006837801    0.07085541             0             0           106
-10.1315       153.859       1.53413     0.9614346   0.001915561   0.006562617    -0.2749488             0             0           108
-7.19005       158.468       1.55262     0.9378908   0.004673908  -0.002599923    -0.3468893             0             0           110
-2.40614        160.02       1.70674     0.7479822   0.008925066   0.003695409    -0.6636485             0             0           112
3.37466       161.558       1.71971     0.8199171  -0.001295348  0.0007982695    -0.5724803             0             0           114
7.52049       162.814       1.71399     0.7636554  -0.001795219   0.001742745    -0.6456192             0             0           116
10.7532       165.916       1.74348     0.9686641    0.00349506  -0.003996275     0.2483179             0             0           119
2.33519       -5.5113     -0.138066      0.109825   -0.01396919    0.01230303    -0.9937766             0             0           211
3.60073      -10.9137     -0.242306     0.1893243   -0.01180614    0.01052801    -0.9817872             0             0           213
4.82713      -16.2883     -0.346124    0.06880464   -0.01318382   0.008817166    -0.9975041             0             0           215
4.48419      -22.3772     -0.426947     0.1714114    0.01551349  -0.006922495     0.9850531             0             0           217
3.58891      -27.3771     -0.496584   0.004091553   -0.01795148    0.01100675    -0.9997699             0             0           219
3.39719      -33.1619      -0.57383    0.00863262    0.01671232  -0.008651588     0.9997856             0             0           221
3.53976      -38.2821     -0.668212    0.04358465   -0.01785801    0.01228795    -0.9988145             0             0           223
3.82906       -43.488     -0.743246    0.08364153   -0.01648254   0.008978786    -0.9963191             0             0           226
4.83334      -49.4677      -0.78772    0.09086801   -0.02221293   0.008596349    -0.9955781             0             0           228
5.89062      -55.5544     -0.862731    0.09943838   -0.02421018   0.006780505     -0.994726             0             0           230
6.80427      -61.7353     -0.972526   0.005145144    0.01841149  -0.009386912     0.9997732             0             0           232
6.79659      -68.0484     -0.979237    0.01048351   -0.02116796   0.006448864    -0.9997002             0             0           234
7.74694      -73.3173      -1.06581     0.3362945   -0.02010248    0.01341184    -0.9414468             0             0           236
8.13185      -79.6265         -1.14    0.01013689    0.02323406  -0.007603695     0.9996497             0             0           239
7.76585      -85.6336      -1.17638     0.0207153    0.02553013  -0.008523354     0.9994231             0             0           241
8.51296      -91.9397      -1.30318    0.06592649   -0.02699008    0.01566399    -0.9973364             0             0           243
8.41342      -98.1709      -1.45767    0.03363279    0.02171433   -0.00974741     0.9991508             0             0           245
10.1898      -102.514      -1.57952     0.2413732   -0.01663062    0.01235163    -0.9702112             0             0           247
11.8944      -107.285      -1.69941     0.1670655   -0.01959302    0.01256914     -0.985671             0             0           250
10.9114      -111.868      -1.75251    0.08805225    0.01898187   -0.01549345     0.9958145             0             0           252
10.5978      -117.791      -1.81187     0.1306742     0.0204975   -0.01430315     0.9911102             0             0           254
12.744      -121.403      -1.95891     0.3486896   -0.02142228    0.02076762    -0.9367632             0             0           264
12.991      -126.488      -2.02668    0.04074291    0.01805029   -0.01396868     0.9989089             0             0           266
12.1483      -132.544      -2.01924    0.06927192    0.02026322   -0.02052917     0.9971807             0             0           268
11.8489      -138.746      -2.07762    0.01349502   -0.02318731    0.01713741    -0.9994931             0             0           270
11.9908      -145.114      -2.10814    0.03603928   -0.02708614     0.0143423    -0.9988803             0             0           272
12.4363      -151.317      -2.13067      0.052286   -0.03146271    0.01270174    -0.9980556             0             0           274
13.0839      -157.619      -2.16628    0.06950521   -0.03059736    0.01378667    -0.9970169             0             0           276
13.8979      -164.012       -2.1881    0.08871775   -0.02675485    0.01070185    -0.9956399             0             0           278
14.9439      -170.262      -2.20696    0.09528923   -0.03496997    0.02736618    -0.9944587             0             0           280
15.9263      -176.388      -2.21858    0.08381548   -0.03090046    0.01188442    -0.9959312             0             0           282
16.6676      -182.631      -2.18962    0.02362501   -0.03493736    0.01237955    -0.9990335             0             0           284
16.6573      -189.055      -2.15613    0.01121571    0.03231507  -0.003571763     0.9994084             0             0           286
16.3666      -195.262      -2.08252    0.01678742   -0.02919695   0.004296905    -0.9994235             0             0           288
16.7478      -201.375      -2.03965    0.05809811   -0.02054599   0.001582678    -0.9980982             0             0           290
17.3595      -207.531      -1.96078    0.05871232   -0.02218709  -0.002510374    -0.9980252             0             0           292
17.9108      -213.734      -1.94181     0.0522168   -0.02510733   0.002878997     -0.998316             0             0           294
18.371      -220.015      -1.84857    0.04813688   -0.02527293   0.003007208    -0.9985164             0             0           296
18.7816      -226.461      -1.77486     0.1003825   -0.02566804   0.002091192    -0.9946156             0             0           298
20.4465      -232.517      -1.75989     0.1491171   -0.03197663   0.002314276    -0.9882997             0             0           300
22.2715      -238.527       -1.7039     0.1680988   -0.02854026   0.004818854    -0.9853451             0             0           302
24.594      -244.487      -1.65779     0.3063712   -0.02525884  -0.007055554    -0.9515508             0             0           304
30.4523      -246.688      -1.79529     0.7384716   -0.02867653   0.009040199    -0.6736138             0             0           306
36.6057      -245.359      -2.01374     0.7871722   -0.02474094   0.007124719    -0.6161957             0             0           308
42.8195      -244.224      -2.23973     0.7673571   -0.02671422     0.0112131    -0.6405651             0             0           310
48.7551      -242.087      -2.43777     0.8617222   -0.02303109   0.006689762    -0.5068133             0             0           312
54.2448      -239.217      -2.58116     0.8591285   -0.02227231   0.007589392    -0.5112186             0             0           314
59.8227      -236.411      -2.79231     0.8538121   -0.02666287   0.005085158    -0.5198733             0             0           316
65.6791      -233.606      -2.99797     0.8503499   -0.02748346   0.009040003    -0.5254218             0             0           318
71.3837      -230.991      -3.20962     0.8443513   -0.02531034   0.008774232    -0.5351199             0             0           320
77.3733      -228.053      -3.39674      0.899366   -0.02764341     0.0039301     -0.436304             0             0           322
83.6277      -222.994      -3.64601     0.9004695   -0.02303574   0.003221386    -0.4342967             0             0           324
89.0786      -219.943      -3.80202     0.8781142   -0.02722163   0.003682829    -0.4776619             0             0           326
94.4088       -216.67      -3.99757     0.8669526   -0.02404749    0.00140632    -0.4978081             0             0           328
100.312      -213.846      -4.12837     0.8454972   -0.02620219  -0.003376398     -0.533326             0             0           330
106.131      -211.504      -4.24821     0.8257187   -0.02483222  -0.003981787    -0.5635213             0             0           332
109.673      -209.436      -4.34422     0.8974896   -0.03761694   0.007280918    -0.4393681             0             0           336
115.403      -205.761      -4.44639     0.8509179   -0.02170824 -0.0003199529    -0.5248499             0             0           340
121.056      -203.077      -4.53083     0.8663497   -0.01942552  -0.006512874    -0.4990175             0             0           342
126.345      -199.908      -4.72267     0.8720802   -0.02900727  -0.001151973    -0.4885011             0             0           344
131.902      -196.922      -4.66936     0.8609209   -0.02511213   -0.01447257    -0.5079125             0             0           346
137.876      -193.999      -4.69877     0.8482751   -0.02533887   -0.01929166    -0.5285973             0             0           348
143.117      -191.698      -4.78704      0.842394   -0.02569636   -0.02061873     -0.537854             0             0           350
148.246      -188.208      -4.84343     0.8782555   -0.02801685   -0.02271092    -0.4768296             0             0           352
154.044      -185.599      -4.85486     0.8235494   -0.02183666   -0.02472346    -0.5662847             0             0           354
160.263       -183.71      -4.76266     0.7996983   -0.01917377   -0.02607903    -0.5995289             0             0           356
164.787      -182.442      -4.71335     0.8006049   -0.02392663    -0.0227073     -0.598284             0             0           359
168.408      -178.372      -4.80428     0.9983277   -0.02947963   -0.01527783   -0.04732245             0             0           361
167.382      -172.419      -5.11884     0.9859469   -0.03229088   -0.01608717     0.1631171             0             0           363
164.361      -166.739      -5.46746     0.9625604    -0.0327821   -0.01489228     0.2686654             0             0           365
161.136      -159.794      -5.86163     0.9822862   -0.03836669   -0.01216491     0.1830134             0             0           367
158.89      -153.543      -6.22103     0.9716905   -0.03115898   -0.01066321     0.2339507             0             0           368
156.331      -148.598      -6.40203     0.9685343   -0.03419245   -0.01432508     0.2461038             0             0           369
153.115       -142.32      -6.80227     0.9705485   -0.02532428   -0.01474944     0.2391167             0             0           371
150.763      -137.471      -7.02524     0.9713655   -0.02914009   -0.01308684      0.235433             0             0           372
147.889       -131.53       -7.2668     0.9738208   -0.02651561   -0.01763109     0.2250757             0             0           373
145.34      -125.869      -7.55317     0.9754725   -0.02526109   -0.01731133     0.2179806             0             0           375
141.83      -120.632      -7.78778     0.9364109     -0.296407       0.12621     -0.139099             0             0           377
