1 -0.0056305 -0.0031839 0.0021653 0 0
5 -2.56996 1.08899 2.40749 55 0
8 -0.0196357 1.04159 -0.0250143 1 0
10 0.0510089 -3.00812 0.0432823 2 0
13 -0.0559211 -0.812071 -0.0338793 3 0
16 -0.0105572 -0.092165 -0.0103316 5 0
19 0.038126 1.99163 -0.0373428 7 0
22 0.0380497 1.65577 -0.0841899 8 0
24 0.00815582 -1.4365 -0.159303 9 0
26 -1.55587 0.340424 1.85582 43 0
29 0.0254078 0.425142 -0.0361688 10 0
31 -1.18479 -0.369783 1.14072 42 0
33 0.0796738 1.3246 0.0786879 11 0
36 0.0869617 1.14269 -0.0795918 12 0
38 0.0445213 0.940975 0.131181 13 0
41 -0.00758553 -0.828079 0.0401077 17 0
43 0.0179482 -0.778114 0.0464406 19 0
45 0.0198288 -0.593754 0.0202637 21 0
47 -0.0441208 -0.37622 0.00374842 23 0
49 -0.00679779 -0.123981 -0.00152397 25 0
51 -0.0309186 0.180573 0.0251908 27 0
54 0.00379944 0.510509 0.0435116 30 0
56 -0.0123291 0.869076 -0.000233173 32 0
58 -0.000362396 -0.829785 -0.0130138 35 0
