     1     7
     7    12
    12    16
    16    20
    20    24
    24    27
    27    31
    31    35
    35    40
    40    48
    48    57
    57    72
    72    75
    75    78
    78    81
    81    85
    85    88
    88    92
    92    96
    96   100
   100   104
   104   108
   108   111
   111   115
   115   119
   119   122
   122   126
   126   129
   129   133
   133   137
   137   142
   142   146
   146   152
   152   156
   156   159
   159   163
   163   169
   169   173
   173   177
   177   178
   108   178
