1 -0.019396 0.016866 -0.0015207 0 0
7 -0.19639 5.5283 0.09626 0 0
10 -0.494809 10.3595 0.155447 0 0
13 -0.507428 14.6768 0.207807 0 0
17 -0.907279 19.8785 0.249779 0 0
21 -0.847004 23.8841 0.269249 0 0
26 -0.617657 28.8433 0.318715 0 0
32 0.192291 33.4088 0.379368 0 0
36 -0.265708 37.4192 0.411421 0 0
40 -0.502625 42.5301 0.475451 0 0
44 -0.686647 47.5046 0.528128 0 0
47 -0.457557 52.2149 0.562432 0 0
50 -0.604248 56.745 0.617958 0 0
53 -0.764287 61.1775 0.638308 0 0
56 -1.41999 65.9057 0.700719 0 0
59 -1.91402 70.5477 0.709601 0 0
167 -6.74093 100.018 1.11919 0 0
170 -7.51511 105.206 1.20348 0 0
173 -8.03791 110.1 1.28118 0 0
176 -8.37056 114.925 1.42412 0 0
179 -8.75594 119.922 1.3906 0 0
182 -10.0034 124.785 1.43579 0 0
185 -10.1538 129.492 1.45333 0 0
188 -10.2519 133.799 1.4358 0 0
192 -10.4073 138.838 1.47095 0 0
196 -10.9753 143.463 1.47466 0 0
200 -11.5967 148.27 1.50405 0 0
204 -10.9668 152.657 1.54407 0 0
207 -9.19158 156.322 1.50891 0 0
210 -6.43548 159.324 1.58949 0 0
213 -2.26268 160.043 1.71159 0 0
216 2.36784 161.225 1.72254 0 0
220 6.97575 162.752 1.72454 0 0
225 11.0252 164.552 1.7288 0 0
401 2.04044 -4.07903 -0.115616 0 0
404 2.90315 -8.691 -0.208812 0 0
407 4.29045 -12.5744 -0.278033 0 0
410 4.86988 -16.9743 -0.337769 0 0
413 4.73779 -21.764 -0.432378 0 0
416 3.62434 -26.1815 -0.49303 0 0
420 3.45508 -31.4545 -0.540668 0 0
423 3.34869 -36.1813 -0.59856 0 0
428 3.43792 -40.5848 -0.696596 0 0
432 4.16914 -45.4041 -0.765323 0 0
435 4.99185 -50.4929 -0.815272 0 0
438 5.83755 -55.2617 -0.836589 0 0
441 6.74982 -60.0643 -0.947018 0 0
444 6.50775 -65.0096 -0.969688 0 0
447 6.4333 -70.0036 -1.01387 0 0
451 8.27764 -74.7122 -1.09993 0 0
455 8.16272 -79.1084 -1.14157 0 0
458 7.90171 -83.7572 -1.16731 0 0
461 8.10089 -88.6491 -1.23771 0 0
464 8.63512 -93.5746 -1.35346 0 0
467 8.36956 -98.4854 -1.44755 0 0
471 10.2686 -103.028 -1.5811 0 0
476 11.7876 -106.862 -1.69364 0 0
480 10.944 -111.586 -1.73625 0 0
483 10.9281 -116.038 -1.81393 0 0
500 11.4725 -120.127 -1.89971 0 0
506 13.1376 -125.12 -2.01171 0 0
509 12.5802 -129.701 -2.01066 0 0
512 12.0399 -134.591 -2.03841 0 0
515 11.8629 -139.512 -2.07621 0 0
518 11.955 -144.53 -2.10553 0 0
521 12.256 -149.384 -2.1453 0 0
524 12.7116 -154.317 -2.15719 0 0
527 13.2805 -159.262 -2.18031 0 0
530 13.9073 -164.318 -2.18686 0 0
533 14.7384 -169.172 -2.1859 0 0
536 15.5931 -174.049 -2.21675 0 0
539 16.3044 -178.88 -2.21139 0 0
542 16.759 -183.974 -2.18887 0 0
545 16.6764 -188.921 -2.14232 0 0
548 16.4023 -193.775 -2.11795 0 0
551 16.5275 -198.614 -2.04992 0 0
554 16.9302 -203.423 -2.0396 0 0
557 17.4213 -208.226 -2.00395 0 0
560 17.861 -213.154 -1.95604 0 0
563 18.2136 -218.061 -1.86332 0 0
566 18.5555 -222.997 -1.8072 0 0
569 19.244 -228.047 -1.76364 0 0
572 20.5332 -232.784 -1.74718 0 0
575 21.9641 -237.53 -1.7106 0 0
578 23.4662 -242.431 -1.67635 0 0
581 26.6881 -246.19 -1.67225 0 0
584 31.6393 -246.505 -1.83204 0 0
587 36.4566 -245.394 -2.01508 0 0
590 41.3365 -244.472 -2.19681 0 0
593 46.2162 -243.416 -2.37147 0 0
596 50.6101 -241.117 -2.47013 0 0
599 54.924 -238.862 -2.62189 0 0
602 59.2903 -236.663 -2.77209 0 0
605 63.9385 -234.462 -2.9141 0 0
608 68.3498 -232.36 -3.07736 0 0
611 72.8869 -230.361 -3.25639 0 0
614 77.5977 -227.887 -3.40059 0 0
616 80.9288 -225.186 -3.56311 0 0
618 84.152 -222.655 -3.64413 0 0
621 88.4511 -220.331 -3.77706 0 0
624 92.619 -217.722 -3.94689 0 0
627 97.1567 -215.292 -4.06747 0 0
630 101.688 -213.276 -4.15699 0 0
633 106.225 -211.453 -4.25567 0 0
641 109.766 -209.369 -4.35121 0 0
647 113.261 -206.71 -4.41528 0 0
650 118.099 -204.506 -4.47568 0 0
653 122.474 -202.233 -4.5371 0 0
656 126.729 -199.792 -4.62132 0 0
659 130.978 -197.413 -4.69434 0 0
662 135.68 -195.039 -4.6971 0 0
665 139.894 -193.087 -4.76561 0 0
668 144.017 -191.163 -4.8057 0 0
671 148.096 -188.318 -4.84628 0 0
674 152.635 -186.137 -4.86549 0 0
677 157.371 -184.518 -4.82245 0 0
680 161.572 -183.337 -4.75547 0 0
685 165.541 -182.242 -4.69886 0 0
688 168.395 -178.753 -4.7994 0 0
691 167.882 -174.073 -5.01538 0 0
694 166.028 -169.677 -5.27842 0 0
697 163.461 -165.197 -5.55958 0 0
700 160.843 -158.949 -5.90882 0 0
702 158.241 -152.289 -6.27392 0 0
704 155.935 -147.917 -6.46726 0 0
707 153.515 -143.11 -6.75698 0 0
709 151.064 -138.123 -7.0077 0 0
711 148.013 -131.811 -7.24247 0 0
714 146.023 -127.402 -7.47256 0 0
717 143.691 -123.003 -7.68003 0 0
718 -8.30495 92.3621 1.11919 0 0
719 -7.33554 89.5161 1.11919 0 0
720 -5.94038 84.9419 1.11919 0 0
721 -6.08884 81.5523 1.11919 0 0
722 -4.7963 77.7576 1.11919 0 0
723 -4.4164 71.8604 0.709601 0 0
