1 0 0 0 0 0
2 -4.48401 6.78842 -0.224533 2 0
3 -21.3041 3.59198 -0.348344 3 0
4 -32.4871 -2.47505 -0.540419 4 0
5 -46.5872 11.8706 -0.582167 4 0
6 -53.7118 10.3765 0.847192 11 0
7 -42.0468 7.57173 -0.315051 12 0
8 -28.3455 1.96458 -0.421649 13 0
11 -8.96056 -4.33489 -0.578239 14 0
12 5.77454 0.990913 -0.369595 13 0
13 20.1895 7.63396 -0.083787 12 0
14 35.3946 -5.89663 -0.39832 12 0
15 32.3726 5.96481 7.77332 42 0
16 19.8493 7.40474 7.78115 42 0
17 12.415 6.05418 7.6583 42 0
18 -2.32516 -2.55992 6.96556 42 0
19 -6.89391 -1.84999 7.00964 42 0
20 -14.5338 4.59883 7.43684 42 0
21 -26.5369 2.82357 7.5328 43 0
22 -27.4606 9.05406 7.80652 43 0
23 -27.1527 7.5122 7.55587 45 0
24 -27.1932 9.98596 7.57003 45 0
25 0.842271 -2.1241 -0.0838744 2 0
26 -12.7985 -2.53055 -0.304036 3 0
27 -27.3158 7.35805 -0.35467 3 0
28 -40.3997 5.75281 -0.525541 4 0
29 -54.5502 -7.77486 -0.121908 5 0
30 -47.448 0.13633 -0.410612 12 0
31 -35.1863 -4.76829 -0.484356 13 0
32 -21.9758 8.96758 -0.361812 13 0
33 -2.05513 8.33282 -0.183395 13 0
34 13.2478 -5.96915 -0.524174 13 0
35 27.008 0.831795 -0.04561 12 0
36 41.4782 5.10764 7.61075 42 0
37 4.54993 1.99643 7.2685 42 0
38 -20.2979 -4.2516 7.12382 43 0
39 -30.1628 -0.685883 7.6592 44 0
40 -16.4334 -4.72844 -0.615245 14 0
