1 -0.0027144 0.0036169 -0.00016624 0 0
7 -0.052736 4.9191 -0.045363 0 0
12 0.245016 9.89413 -0.122346 0 0
16 0.136232 14.477 -0.193266 0 0
20 0.153849 18.9004 -0.33005 0 0
24 0.275666 24.1125 -0.432662 0 0
27 0.471077 28.1549 -0.442779 0 0
31 0.875215 32.65 -0.540409 0 0
35 1.03949 36.9406 -0.630984 0 0
40 1.16117 40.9989 -0.688954 0 0
48 5.02265 42.4451 -0.723426 0 0
57 9.16925 42.3809 -0.733112 0 0
72 13.7194 41.9508 -0.736592 0 0
75 18.197 41.9173 -0.724005 0 0
78 22.8193 42.079 -0.699431 0 0
81 27.0126 42.278 -0.651524 0 0
85 32.2147 42.2881 -0.621891 0 0
88 36.3351 42.1766 -0.528418 0 0
92 41.174 41.8903 -0.501697 0 0
96 45.9527 41.6766 -0.40363 0 0
100 49.9598 41.445 -0.339101 0 0
104 54.8174 41.6262 -0.236748 0 0
108 59.8179 41.3137 -0.149013 0 0
111 64.0404 41.2705 -0.0662378 0 0
115 68.8908 41.4325 0.0470416 0 0
119 73.7125 41.2133 0.158411 0 0
122 78.3159 40.7744 0.247036 0 0
126 83.1098 40.2033 0.36344 0 0
129 87.1299 39.8741 0.446165 0 0
133 92.2664 39.5308 0.604922 0 0
137 96.6678 38.8057 0.766764 0 0
142 98.1459 34.7113 0.871371 0 0
146 96.318 30.7507 0.895704 0 0
152 92.0601 29.9227 0.769804 0 0
156 87.412 30.7821 0.532094 0 0
159 82.7875 30.4289 0.340054 0 0
163 78.1722 30.5687 0.153591 0 0
169 74.1808 31.0604 -0.0143315 0 0
173 70.1699 32.3268 -0.215872 0 0
177 66.875 34.6139 0.0649853 0 0
178 64.1569 37.7992 -0.0662378 0 0
