1 0.002737 -0.008042 -0.002485 0 0
3 -0.23581 5.2266 -0.047197 0 0
4 -0.27093 9.2288 -0.060942 0 0
6 0.016848 16.6494 -0.167962 0 0
8 -0.319331 23.5113 -0.224858 0 0
10 -0.713831 30.4997 -0.230341 0 0
12 -0.238962 37.9204 -0.339971 0 0
14 1.27276 42.6647 -0.376774 0 0
16 5.89424 42.6744 -0.372547 0 0
18 12.4091 41.9262 -0.346415 0 0
19 17.0545 42.0049 -0.32133 0 0
20 21.6494 42.0329 -0.289315 0 0
21 26.2662 42.0433 -0.238333 0 0
22 30.8775 42.426 -0.19238 0 0
23 35.4471 42.8826 -0.108022 0 0
24 40.1127 42.9739 -0.088471 0 0
25 44.7293 42.8753 -0.028025 0 0
26 49.3551 42.5862 0.019265 0 0
27 53.3773 42.162 0.118786 0 0
28 57.8755 42.373 0.171227 0 0
29 64.8984 42.8428 0.297998 0 0
30 71.6944 42.5637 0.400263 0 0
31 77.6228 41.9645 0.493812 0 0
32 82.2018 41.8489 0.556816 0 0
33 86.8283 41.7024 0.663495 0 0
34 290.353 38.493 15.4714 0 0
36 285.294 38.6104 15.0089 0 0
37 280.865 38.991 14.6185 0 0
39 273.185 38.7806 13.9122 0 0
41 266.977 37.6184 13.3111 0 0
42 262.834 37.8812 12.9529 0 0
43 258.015 37.9464 12.4987 0 0
44 252.706 38.0207 11.9945 0 0
45 248.119 37.6627 11.5432 0 0
46 243.518 37.3495 11.1046 0 0
47 239.35 38.7117 10.7795 0 0
49 232.814 38.82 10.1756 0 0
50 228.77 38.6147 9.80054 0 0
52 222.433 38.4787 9.26383 0 0
54 215.886 39.1534 8.70109 0 0
56 209.222 39.0274 8.11434 0 0
58 203.088 38.9739 7.62222 0 0
60 195.7 39.4432 7.07366 0 0
62 187.896 40.1508 6.52729 0 0
63 183.821 40.2733 6.23649 0 0
64 179.169 40.387 5.93734 0 0
65 174.676 40.4949 5.5949 0 0
66 169.74 40.6628 5.26641 0 0
67 162.524 40.8803 4.77867 0 0
68 153.555 41.0217 4.15193 0 0
70 142.969 41.0624 3.50864 0 0
71 136.75 41.1248 3.0989 0 0
73 131.257 41.4211 2.77236 0 0
74 126.902 41.7477 2.51761 0 0
76 119.475 41.7096 2.09301 0 0
77 115.289 41.6338 1.86344 0 0
78 111.032 41.7752 1.64769 0 0
79 106.377 42.0709 1.4501 0 0
80 101.634 42.1407 1.22913 0 0
81 96.5022 42.0381 1.01687 0 0
82 92.2368 42.2964 0.871224 0 0
