1 -0.019396 0.016866 -0.0015207 0 0
4 -0.1608 5.0591 0.068326 0 0
6 1.72781 3.01669 -0.0167845 43 0
8 1.57296 -2.47366 -0.0761562 43 0
10 0.0696996 1.32799 0.0053179 1 0
13 -0.0753326 1.81407 -0.00504267 41 0
16 -0.162947 0.832991 -0.103795 39 0
19 -0.609464 3.66835 -0.00191098 2 0
21 -0.0374766 -6.6493 -0.0744064 3 0
23 0.105251 -1.66203 -0.0166477 3 0
25 0.278487 4.07749 0.0372353 3 0
27 -1.53983 7.96199 -0.029919 37 0
29 -2.74507 2.1594 -0.0237638 37 0
33 -0.00691223 -0.809547 -0.00271884 5 0
82 0.132309 1.02648 -0.0146146 16 0
84 0.218628 1.77359 0.00737643 18 0
86 -0.720669 -2.04315 0.045728 19 0
88 0.991615 3.35411 0.000868797 19 0
90 -1.279 -1.56915 -0.0117264 35 0
92 -1.42268 -7.802 -0.0410566 35 0
94 -0.144133 -4.74742 -0.0649844 21 0
96 -0.507668 -0.427223 -0.00766361 34 0
98 -0.00520706 -4.51535 -0.0312641 22 0
100 0.0408893 0.436447 0.00851345 22 0
102 -0.754503 3.97102 0.000910521 33 0
104 -0.398142 -0.442291 -0.0589687 33 0
106 -0.737061 4.25905 0.0485473 32 0
108 -0.865059 0.0426178 0.0208364 32 0
110 -0.10025 0.0477982 -0.0126522 31 0
112 -0.336655 -3.12242 -0.0655174 25 0
114 -0.00390625 2.84958 0.0225326 25 0
116 -1.83884 -2.94766 -0.0105683 26 0
119 0.0743103 -0.199646 0.0153368 28 0
211 0.0177296 -0.335175 -0.0018153 44 0
213 -0.049309 5.21386 0.0457115 44 0
215 -0.789025 -9.30546 -0.0244742 45 0
217 -0.667768 -3.20765 0.0060274 45 0
219 0.0445576 1.82207 0.00587857 45 0
221 0.0258255 7.61045 0.0391891 45 0
223 -0.584563 -7.27579 -0.0466959 46 0
226 0.0146201 -2.09591 -0.0226249 46 0
228 0.0424047 3.96693 0.0706999 46 0
230 -0.127948 -9.9445 -0.00362772 47 0
232 -0.540778 -3.70919 -0.0323571 47 0
234 -0.0215507 2.58241 0.0100455 47 0
236 0.00875092 0.917015 0.0024271 48 0
239 0.427216 4.65211 -0.0139641 49 0
241 0.917694 -9.42165 -0.0527027 50 0
243 0.126843 -3.1198 -0.00480437 50 0
245 -1.08723 -2.4472 0.0002985 51 0
247 0.0519667 -1.19209 -0.0100543 52 0
250 -0.00680733 -0.778244 -0.0112023 54 0
252 0.722736 3.85217 -0.0117965 54 0
254 -0.989227 -1.80458 -0.0105684 55 0
264 0.462726 -2.21935 -0.0661335 56 0
266 0.173266 2.86287 0.0349536 56 0
268 0.968042 8.92323 0.196558 56 0
270 -0.16699 -4.94417 -0.118106 57 0
272 0.0478718 1.41997 0.0371251 57 0
274 -0.0489535 7.63583 0.21038 57 0
276 -0.224254 -6.14725 -0.0927863 58 0
278 0.0836334 0.289246 0.00858331 58 0
280 0.138697 6.62492 0.12391 58 0
282 0.561639 -6.68353 -0.158947 59 0
284 0.00893211 -0.422928 -0.00109863 59 0
286 0.210983 5.99712 0.105697 59 0
288 -0.39348 -7.90752 -0.252888 60 0
290 -0.0187578 -1.79639 -0.0804892 60 0
292 0.134137 4.38469 0.138572 60 0
294 -0.168525 -9.42522 -0.250841 61 0
296 -0.0672854 -3.1297 -0.0832543 61 0
298 0.0968838 3.32603 0.0636525 61 0
300 -0.484325 -9.44528 -0.237016 62 0
302 -0.0976181 -3.17787 -0.0820656 62 0
304 -0.277679 -1.88153 -0.048923 63 0
306 -0.0551147 0.710394 0.0111971 64 0
308 -1.35545 6.87222 0.150847 64 0
310 -0.502701 -2.97152 -0.00890636 65 0
312 -0.394211 3.33863 0.0787992 65 0
314 -1.12868 9.4896 0.22278 65 0
316 -0.135483 -4.36219 -0.127972 66 0
318 -0.0195618 2.12979 0.0924597 66 0
320 0.198013 8.40187 0.290809 66 0
322 -0.164932 -5.05061 -0.072258 67 0
324 0.0887146 2.99261 0.051878 67 0
326 0.30983 -9.11069 -0.0957389 68 0
328 -0.0466766 -2.86308 -0.0491276 68 0
330 0.265198 3.67385 0.0576763 68 0
332 0.961609 9.90809 0.155213 68 0
336 0.85701 -6.02611 -0.10596 69 0
340 -0.0417328 0.721516 -0.000860214 69 0
342 -0.0755768 6.97915 0.090961 69 0
344 -0.0656586 -6.88911 -0.212511 70 0
346 -0.0088501 -0.584276 0.000317574 70 0
348 0.299301 6.05824 0.126475 70 0
350 0.694275 -8.2728 -0.107354 71 0
352 0.0465546 -2.10378 0.0098753 71 0
354 0.492096 4.23793 0.100211 71 0
356 -0.0784454 -5.67751 -0.136476 72 0
359 -0.0443878 -0.98024 -0.029726 72 0
361 0.00454712 -0.139191 -0.00643444 74 0
363 -0.18943 -3.36879 -0.0682888 75 0
365 -0.0263863 3.07129 0.0293026 75 0
367 -1.09243 -9.32735 -0.0445986 76 0
368 -0.0742188 -2.75375 -0.0451059 76 0
369 0.045433 2.81432 0.0845785 76 0
371 0.224678 9.87717 0.0779133 76 0
372 -0.0734634 -4.96808 -0.0930443 77 0
373 0.00958252 1.63412 0.041254 77 0
375 5.87682 -1.89588 -1.55354 79 0
377 -0.0113678 -0.0392933 -0.255937 79 0
