1 -0.019396 0.016866 -0.0015207 0 0
4 -0.1608 5.0591 0.068326 0 0
6 -1.0556 -9.07382 0.409529 1 0
8 -1.13884 -3.58198 0.473122 1 0
10 -0.717514 1.24397 0.462264 1 0
13 -0.318979 6.67589 0.513169 1 0
16 1.17382 -8.72507 0.626273 2 0
19 0.231076 -3.43852 0.765425 2 0
21 -0.94213 0.878822 0.798741 2 0
23 -3.78094 1.16274 0.925296 3 0
25 -9.18583 -1.48459 1.00787 4 0
27 -14.8768 -0.691852 1.08783 4 0
29 -20.7822 -0.200262 1.16926 4 0
33 -31.7925 1.49952 1.29457 4 0
82 -40.9437 1.73666 1.50642 4 0
84 -46.3547 1.00649 1.57138 4 0
86 -52.341 1.69914 1.72841 4 0
88 -57.8114 0.243181 1.8658 4 0
90 -64.3933 0.386653 2.00444 4 0
92 -70.6078 0.848981 2.19577 4 0
94 -76.8483 1.54281 2.22872 4 0
96 -83.2186 1.0697 2.31275 4 0
98 -89.1673 1.94558 2.36349 4 0
100 -94.0583 2.72018 2.40405 4 0
102 -98.6951 3.04833 2.42697 4 0
104 -103.12 3.2113 2.45343 4 0
106 -107.758 3.42089 2.53643 4 0
108 -111.317 5.6853 2.53657 4 0
110 -115.382 9.34195 2.53215 4 0
112 -116.129 14.3171 2.62428 4 0
114 -116.7 20.2714 2.56096 4 0
116 -117.26 24.5665 2.50116 4 0
119 -119.791 28.2637 2.49731 4 0
211 2.33519 -5.5113 -0.138066 0 0
213 3.60073 -10.9137 -0.242306 0 0
215 4.82713 -16.2883 -0.346124 0 0
217 4.48419 -22.3772 -0.426947 0 0
219 3.58891 -27.3771 -0.496584 0 0
221 3.39719 -33.1619 -0.57383 0 0
223 3.53976 -38.2821 -0.668212 0 0
226 3.82906 -43.488 -0.743246 0 0
228 4.83334 -49.4677 -0.78772 0 0
230 5.89062 -55.5544 -0.862731 0 0
232 6.80427 -61.7353 -0.972526 0 0
234 6.79659 -68.0484 -0.979237 0 0
236 7.74694 -73.3173 -1.06581 0 0
239 8.13185 -79.6265 -1.14 0 0
241 7.76585 -85.6336 -1.17638 0 0
243 8.51296 -91.9397 -1.30318 0 0
245 8.41342 -98.1709 -1.45767 0 0
247 10.1898 -102.514 -1.57952 0 0
250 11.8944 -107.285 -1.69941 0 0
252 10.9114 -111.868 -1.75251 0 0
254 10.5978 -117.791 -1.81187 0 0
264 12.744 -121.403 -1.95891 0 0
266 12.991 -126.488 -2.02668 0 0
268 12.1483 -132.544 -2.01924 0 0
270 11.8489 -138.746 -2.07762 0 0
272 11.9908 -145.114 -2.10814 0 0
274 12.4363 -151.317 -2.13067 0 0
276 13.0839 -157.619 -2.16628 0 0
278 13.8979 -164.012 -2.1881 0 0
280 14.9439 -170.262 -2.20696 0 0
282 15.9263 -176.388 -2.21858 0 0
284 16.6676 -182.631 -2.18962 0 0
286 16.6573 -189.055 -2.15613 0 0
288 16.3666 -195.262 -2.08252 0 0
290 16.7478 -201.375 -2.03965 0 0
292 17.3595 -207.531 -1.96078 0 0
294 17.9108 -213.734 -1.94181 0 0
296 18.371 -220.015 -1.84857 0 0
298 18.7816 -226.461 -1.77486 0 0
300 20.4465 -232.517 -1.75989 0 0
302 22.2715 -238.527 -1.7039 0 0
304 24.594 -244.487 -1.65779 0 0
306 30.4523 -246.688 -1.79529 0 0
308 36.6057 -245.359 -2.01374 0 0
310 42.8195 -244.224 -2.23973 0 0
312 48.7551 -242.087 -2.43777 0 0
314 54.2448 -239.217 -2.58116 0 0
316 59.8227 -236.411 -2.79231 0 0
318 65.6791 -233.606 -2.99797 0 0
320 71.3837 -230.991 -3.20962 0 0
322 77.3733 -228.053 -3.39674 0 0
324 83.6277 -222.994 -3.64601 0 0
326 89.0786 -219.943 -3.80202 0 0
328 94.4088 -216.67 -3.99757 0 0
330 100.312 -213.846 -4.12837 0 0
332 106.131 -211.504 -4.24821 0 0
336 109.673 -209.436 -4.34422 0 0
340 115.403 -205.761 -4.44639 0 0
342 121.056 -203.077 -4.53083 0 0
344 126.345 -199.908 -4.72267 0 0
346 131.902 -196.922 -4.66936 0 0
348 137.876 -193.999 -4.69877 0 0
350 143.117 -191.698 -4.78704 0 0
352 227.503 67.0499 -12.2816 9 0
354 224.697 72.7529 -12.4553 9 0
356 222.599 78.9043 -12.5552 9 0
359 221.179 83.382 -12.6478 9 0
361 216.986 86.8589 -12.7917 9 0
363 211.067 85.6233 -12.9503 9 0
365 205.488 82.4031 -13.0746 9 0
367 198.651 78.9352 -13.212 9 0
368 192.475 76.4695 -13.3644 9 0
369 187.618 73.7416 -13.3529 9 0
371 181.447 70.3047 -13.5098 9 0
372 176.678 67.7851 -13.5498 9 0
373 170.835 64.707 -13.5675 9 0
375 165.26 61.9612 -13.6475 9 0
377 160.142 58.2717 -13.6487 9 0
