     1     4
     4     6
     6     8
     8    10
    10    13
    13    16
    16    19
    19    21
    21    23
    23    25
    25    27
    27    29
    29    33
    33    82
    82    84
    84    86
    86    88
    88    90
    90    92
    92    94
    94    96
    96    98
    98   100
   100   102
   102   104
   104   106
   106   108
   108   110
   110   112
   112   114
   114   116
   116   119
   211   213
   213   215
   215   217
   217   219
   219   221
   221   223
   223   226
   226   228
   228   230
   230   232
   232   234
   234   236
   236   239
   239   241
   241   243
   243   245
   245   247
   247   250
   250   252
   252   254
   254   264
   264   266
   266   268
   268   270
   270   272
   272   274
   274   276
   276   278
   278   280
   280   282
   282   284
   284   286
   286   288
   288   290
   290   292
   292   294
   294   296
   296   298
   298   300
   300   302
   302   304
   304   306
   306   308
   308   310
   310   312
   312   314
   314   316
   316   318
   318   320
   320   322
   322   324
   324   326
   326   328
   328   330
   330   332
   332   336
   336   340
   340   342
   342   344
   344   346
   346   348
   348   350
   350   352
   352   354
   354   356
   356   359
   359   361
   361   363
   363   365
   365   367
   367   368
   368   369
   369   371
   371   372
   372   373
   373   375
   375   377
     1   211
